y
-4.555709333686373
-4.555709333686373
-5.30351728047114
-5.30351728047114
-0.8391886954736503
-0.16878145576906067
2.2943854946037234
-2.265739890897916
0.5936822353873362
0.5936822353873362
0.5936822353873362
0.5936822353873362
0.5936822353873362
-0.5215521728683586
-0.2065884253460673
-0.2065884253460673
-0.2065884253460673
-6.772987267809608
-4.879530125782916
-5.94698018729286
-6.7296779116182535
-4.555709333686373
-4.555709333686373
-4.555709333686373
-0.06404957897731389
1.336321800956251
-0.16878145576906067
-0.16878145576906067
3.7792916234619596
4.89047805490915
4.89047805490915
2.884833941933116
5.212245139766207
5.894095202852635
5.894095202852635
-0.2065884253460673
-0.2065884253460673
-0.2065884253460673
-0.2065884253460673
-5.94698018729286
-5.94698018729286
-5.94698018729286
-4.555709333686373
-4.555709333686373
1.5168410197589803
1.5168410197589803
0.20749398732795746
4.157724227398093
4.157724227398093
6.128729751724818
3.6523318092261063
6.240302152785287
5.212245139766207
5.212245139766207
4.723664224964655
4.723664224964655
2.993053693517249
4.430749629275727
-0.2065884253460673
1.5140404081851782
-1.4706652903379636
-5.94698018729286
-5.94698018729286
-6.383596983633518
-0.28060017605742776
-0.28060017605742776
-1.7188382659401291
5.118148154605612
4.157724227398093
4.157724227398093
4.157724227398093
6.002474456818536
11.318677169523164
8.539743751437124
8.539743751437124
4.723664224964655
6.5933498432921605
6.5933498432921605
6.5933498432921605
4.503372212861677
1.5140404081851782
-0.38654559774501784
-0.38654559774501784
-3.5003584394067766
0.7963589827967579
-0.28060017605742776
-0.28060017605742776
5.118148154605612
5.118148154605612
5.118148154605612
5.118148154605612
10.340608246954817
10.340608246954817
11.318677169523164
11.318677169523164
9.631548275119163
9.631548275119163
8.862717904054344
3.291712855490404
6.5933498432921605
4.503372212861677
4.503372212861677
-2.0484019752000524
-2.0484019752000524
1.4241170917737067
-0.39849967824490096
0.8650179300483222
3.4747516379110084
5.118148154605612
5.118148154605612
10.340608246954817
10.340608246954817
10.340608246954817
10.959264183383665
10.959264183383665
9.631548275119163
9.631548275119163
9.631548275119163
8.862717904054344
10.22968576907753
8.753517245598168
3.617128337337816
3.617128337337816
5.541827438270402
-2.0484019752000524
0.14970719537866506
-1.658634672936321
-2.746624664115625
4.581029642514224
3.5693299524685815
6.154376895221806
9.514366838879312
10.340608246954817
10.340608246954817
8.375008534278926
14.05474521774862
15.657435745671041
14.550594698987846
11.185797129644088
11.971268222438598
10.22968576907753
10.22968576907753
3.617128337337816
6.796632227065033
4.0935810170284945
-0.8690462458642476
-0.8690462458642476
-0.4178249381434387
4.985320092489097
4.985320092489097
4.985320092489097
9.586945741273187
11.00137926526263
9.296063738551547
13.56539586230446
15.523600903118124
15.523600903118124
15.523600903118124
17.18693040817955
15.386779522696273
14.084809059436461
10.22968576907753
10.22968576907753
10.22968576907753
5.581434667587594
5.581434667587594
3.9063254591603047
0.12011592561590441
-0.4178249381434387
6.123669392508981
4.985320092489097
4.985320092489097
9.586945741273187
9.586945741273187
11.360857072151216
15.523600903118124
15.523600903118124
15.523600903118124
15.523600903118124
14.26721723945094
15.386779522696273
15.386779522696273
10.22968576907753
10.22968576907753
10.22968576907753
5.581434667587594
5.581434667587594
7.008238514608176
0.12011592561590441
-0.4178249381434387
6.123669392508981
4.985320092489097
10.739732914416384
10.739732914416384
10.739732914416384
13.497689209358974
14.627150706047502
13.723629633153044
15.523600903118124
15.523600903118124
14.26721723945094
15.386779522696273
15.386779522696273
15.386779522696273
9.369247279398623
10.22968576907753
7.977316510625664
4.258291981991875
4.258291981991875
-1.8167925884373701
0.8718016788997068
3.3199656098983583
4.985320092489097
8.90829159027093
7.627442076270898
10.739732914416384
15.523600903118124
15.523600903118124
15.523600903118124
15.523600903118124
15.523600903118124
14.26721723945094
15.386779522696273
15.386779522696273
14.08150421907033
10.742940862023689
9.31906099470986
9.31906099470986
4.258291981991875
5.643511162424574
0.9100252127352981
-1.3617191818188246
5.87291808956009
4.985320092489097
10.753456207095798
9.223084118402204
10.277955046905971
13.79143613273724
13.79143613273724
14.26721723945094
14.26721723945094
16.134905008016542
14.26721723945094
15.021359448699519
13.413606035777574
15.192504018788103
10.742940862023689
10.211522509033342
10.211522509033342
2.380818599732205
3.9434946033004667
-0.08969224269027581
0.27904824979900145
4.985320092489097
4.985320092489097
3.483404459063728
9.223084118402204
9.223084118402204
6.120514035721277
15.356778999544236
15.356778999544236
14.26721723945094
14.26721723945094
14.26721723945094
16.91263430479483
13.413606035777574
10.212847575299858
8.718007370407507
11.083058874548737
4.9384836520763145
4.9384836520763145
4.9384836520763145
1.4679688555662935
1.1688062468476286
4.985320092489097
4.985320092489097
3.483404459063728
10.483503452771618
11.229708373836718
11.229708373836718
15.356778999544236
15.356778999544236
13.20261699936316
16.55833938742738
14.26721723945094
15.25568065382539
15.25568065382539
10.212847575299858
10.212847575299858
10.212847575299858
4.9384836520763145
4.9384836520763145
6.187857131955154
0.37525960368572475
1.1688062468476286
-1.5224181582614764
7.232959076419611
7.232959076419611
7.232959076419611
9.862296162565398
9.862296162565398
9.862296162565398
11.108244768869092
15.86563419597324
16.55833938742738
13.569600876233787
8.618480400578775
10.212847575299858
10.212847575299858
11.04250394434112
4.9384836520763145
4.9384836520763145
1.7006117619964576
-0.6617439924368569
0.37525960368572475
-0.2496264150353195
-1.5224181582614764
6.440143625601756
4.531904141803931
4.531904141803931
8.278126485954298
8.278126485954298
8.278126485954298
9.69226761361141
11.421302629476273
11.421302629476273
9.28444937729364
10.478903722469866
8.533984291980302
11.04250394434112
11.04250394434112
4.9384836520763145
4.9384836520763145
5.6160878336330216
-0.6617439924368569
-0.6617439924368569
-0.2496264150353195
0.8495059406053866
0.8495059406053866
4.016065869894173
5.026104157012632
5.026104157012632
5.026104157012632
8.278126485954298
8.278126485954298
9.372738870829833
11.421302629476273
10.444655004730356
9.426130410853153
9.426130410853153
5.026104157012632
6.098374840898812
4.9384836520763145
4.9384836520763145
0.8454592309322387
-0.6617439924368569
-0.6617439924368569
-5.356349046576278
0.8495059406053866
0.8495059406053866
0.8495059406053866
5.026104157012632
5.026104157012632
5.026104157012632
5.026104157012632
5.026104157012632
9.372738870829833
9.372738870829833
10.444655004730356
5.026104157012632
5.026104157012632
5.026104157012632
5.026104157012632
6.359726171696968
-0.8361271656850804
-0.8361271656850804
-0.8361271656850804
-7.522101750183348
-5.356349046576278
-6.958701270166386
0.8495059406053866
0.8495059406053866
0.45364310177469436
2.5367993639875164
6.529778026315482
5.026104157012632
5.026104157012632
5.026104157012632
5.026104157012632
6.84198833735529
5.026104157012632
5.026104157012632
5.026104157012632
6.011389493597975
-0.2477934859508409
-0.2477934859508409
0.8314718308111743
-3.9115796964502825
-5.004194463866541
-6.174610834532775
-4.74718935152899
-6.964729734324925
0.45364310177469436
0.45364310177469436
0.45364310177469436
-0.7296133611911944
5.026104157012632
5.026104157012632
5.026104157012632
5.026104157012632
5.026104157012632
5.026104157012632
5.026104157012632
0.6551514634773046
1.4334349404112212
-0.2477934859508409
-0.2477934859508409
-2.7626973560313495
-5.004194463866541
-5.004194463866541
-4.74718935152899
-4.74718935152899
-4.74718935152899
-4.3260229143914755
-0.367378411075219
2.4748691675695156
2.4748691675695156
0.4085626711732922
0.4085626711732922
0.4085626711732922
-0.9570221445150898
0.6618429678066127
0.6618429678066127
-0.8886384635601645
-0.8886384635601645
-0.8886384635601645
-0.8886384635601645
-6.500979995023748
-6.500979995023748
-5.004194463866541
-5.004194463866541
-4.888341210155382
-4.888341210155382
-4.888341210155382
-4.888341210155382
0.3520591705371847
0.3520591705371847
2.2944375761858
-2.2656605332721784
0.23871964236076118
0.23871964236076118
0.23871964236076118
0.23871964236076118
0.23871964236076118
0.23871964236076118
0.23871964236076118
0.23871964236076118
0.23871964236076118
-6.773045916022269
-5.911437616542379
-5.911437616542379
-5.911437616542379
-4.888341210155382
-4.888341210155382
-4.888341210155382
0.3520591705371847
0.3520591705371847
0.3520591705371847
0.3520591705371847
4.928016465159306
4.928016465159306
4.928016465159306
2.8845695112811844
4.928016465159306
4.928016465159306
4.928016465159306
0.23871964236076118
0.23871964236076118
0.23871964236076118
0.23871964236076118
-5.911437616542379
-5.911437616542379
-5.911437616542379
-4.888341210155382
-4.888341210155382
0.3520591705371847
0.3520591705371847
0.3520591705371847
4.928016465159306
4.928016465159306
4.928016465159306
4.928016465159306
4.928016465159306
4.928016465159306
4.928016465159306
4.928016465159306
4.928016465159306
3.711950048914798
3.711950048914798
0.23871964236076118
0.23871964236076118
-1.3982330099042237
-5.911437616542379
-5.911437616542379
-4.888341210155382
-0.45488499869039734
-0.45488499869039734
-0.45488499869039734
4.928016465159306
4.928016465159306
4.928016465159306
4.928016465159306
4.928016465159306
10.003138639236091
10.032326509714984
10.032326509714984
4.928016465159306
6.593391127203568
6.593391127203568
6.593391127203568
4.060221792707214
0.23871964236076118
-1.3982330099042237
-1.3982330099042237
-3.5005971354167835
-0.45488499869039734
-0.45488499869039734
-0.45488499869039734
4.928016465159306
4.928016465159306
4.928016465159306
4.928016465159306
10.003138639236091
10.003138639236091
10.003138639236091
10.003138639236091
10.032326509714984
10.032326509714984
10.032326509714984
3.2911361385313946
6.593391127203568
4.060221792707214
4.060221792707214
-1.3982330099042237
-1.3982330099042237
0.012585745078666976
-0.45488499869039734
-0.45488499869039734
4.928016465159306
4.928016465159306
4.928016465159306
10.003138639236091
10.003138639236091
10.003138639236091
10.003138639236091
10.003138639236091
10.032326509714984
10.032326509714984
10.032326509714984
10.032326509714984
10.032326509714984
10.032326509714984
4.060221792707214
4.060221792707214
5.081346485212676
-1.3982330099042237
0.012585745078666976
-0.45488499869039734
-0.45488499869039734
4.928016465159306
4.928016465159306
6.154322018018005
10.003138639236091
10.003138639236091
10.003138639236091
8.374097829702128
15.016195666327166
15.016195666327166
15.016195666327166
10.032326509714984
10.032326509714984
10.032326509714984
10.032326509714984
4.060221792707214
6.796896779802789
5.081346485212676
0.012585745078666976
0.012585745078666976
-0.45488499869039734
4.928016465159306
4.928016465159306
4.928016465159306
10.003138639236091
10.003138639236091
10.003138639236091
13.56573823955693
15.016195666327166
15.016195666327166
15.016195666327166
17.18761521915111
15.016195666327166
15.016195666327166
10.032326509714984
10.032326509714984
10.032326509714984
5.081346485212676
5.081346485212676
3.906432021876429
0.012585745078666976
-0.45488499869039734
4.928016465159306
4.928016465159306
4.928016465159306
10.003138639236091
10.003138639236091
11.360840750301342
15.016195666327166
15.016195666327166
15.016195666327166
15.016195666327166
15.016195666327166
15.016195666327166
15.016195666327166
10.032326509714984
10.032326509714984
10.032326509714984
5.081346485212676
5.081346485212676
5.081346485212676
0.012585745078666976
-0.45488499869039734
4.928016465159306
4.928016465159306
10.003138639236091
10.003138639236091
10.003138639236091
15.016195666327166
15.016195666327166
15.016195666327166
15.016195666327166
15.016195666327166
15.016195666327166
15.016195666327166
15.016195666327166
15.016195666327166
10.032326509714984
10.032326509714984
7.977484460296008
5.081346485212676
5.081346485212676
-1.8168183948792629
-0.45488499869039734
4.928016465159306
4.928016465159306
10.003138639236091
10.003138639236091
10.003138639236091
15.016195666327166
15.016195666327166
15.016195666327166
15.016195666327166
15.016195666327166
15.016195666327166
15.016195666327166
15.016195666327166
15.016195666327166
10.032326509714984
10.032326509714984
10.032326509714984
5.081346485212676
5.081346485212676
-0.06364094820655992
0.12575076393760865
4.928016465159306
4.928016465159306
10.003138639236091
10.003138639236091
10.003138639236091
15.016195666327166
15.016195666327166
15.016195666327166
15.016195666327166
15.016195666327166
15.016195666327166
15.016195666327166
13.41314213920698
15.016195666327166
10.032326509714984
10.032326509714984
10.032326509714984
2.380471020992752
5.081346485212676
-0.06364094820655992
0.12575076393760865
4.928016465159306
4.928016465159306
3.4827172915527402
10.003138639236091
10.003138639236091
6.119280217960078
15.016195666327166
15.016195666327166
15.016195666327166
15.016195666327166
15.016195666327166
15.016195666327166
13.41314213920698
10.032326509714984
10.032326509714984
10.032326509714984
5.081346485212676
5.081346485212676
5.081346485212676
-0.06364094820655992
0.12575076393760865
4.928016465159306
4.928016465159306
3.4827172915527402
10.003138639236091
10.003138639236091
10.003138639236091
15.016195666327166
15.016195666327166
15.016195666327166
15.016195666327166
15.016195666327166
15.016195666327166
15.016195666327166
10.032326509714984
10.032326509714984
10.032326509714984
5.081346485212676
5.081346485212676
5.081346485212676
-0.06364094820655992
0.12575076393760865
-1.522943126306603
7.0349472023521145
7.0349472023521145
7.0349472023521145
10.003138639236091
10.003138639236091
10.003138639236091
10.003138639236091
15.016195666327166
15.016195666327166
15.016195666327166
8.617895886771723
10.032326509714984
10.032326509714984
10.032326509714984
5.081346485212676
5.081346485212676
1.7002943744545393
-0.06364094820655992
-0.06364094820655992
0.12575076393760865
-1.522943126306603
7.0349472023521145
5.081346485212676
5.081346485212676
10.003138639236091
10.003138639236091
10.003138639236091
10.003138639236091
10.003138639236091
10.003138639236091
10.003138639236091
10.003138639236091
10.003138639236091
10.032326509714984
10.032326509714984
5.081346485212676
5.081346485212676
5.081346485212676
-0.06364094820655992
-0.06364094820655992
0.12575076393760865
0.8817696772947712
0.8817696772947712
5.081346485212676
5.081346485212676
5.081346485212676
5.081346485212676
10.003138639236091
10.003138639236091
10.003138639236091
10.003138639236091
10.003138639236091
10.003138639236091
10.003138639236091
5.081346485212676
5.081346485212676
5.081346485212676
5.081346485212676
-0.06364094820655992
-0.06364094820655992
-0.06364094820655992
-5.025346593009912
0.8817696772947712
0.8817696772947712
0.8817696772947712
5.081346485212676
5.081346485212676
5.081346485212676
5.081346485212676
5.081346485212676
10.003138639236091
10.003138639236091
10.003138639236091
5.081346485212676
5.081346485212676
5.081346485212676
5.081346485212676
5.081346485212676
-0.06364094820655992
-0.06364094820655992
-0.06364094820655992
-7.52273419501317
-5.025346593009912
-6.958886057781702
0.8817696772947712
0.8817696772947712
0.8817696772947712
2.5368476869310257
6.52978352652761
5.081346485212676
5.081346485212676
5.081346485212676
5.081346485212676
6.8419497176754955
5.081346485212676
5.081346485212676
5.081346485212676
5.081346485212676
-0.06364094820655992
-0.06364094820655992
-0.06364094820655992
-5.24203611147485
-5.24203611147485
-5.025346593009912
-5.025346593009912
-6.965496007704338
0.8817696772947712
0.8817696772947712
0.8817696772947712
-0.7298853903949162
5.081346485212676
5.081346485212676
5.081346485212676
5.081346485212676
5.081346485212676
5.081346485212676
5.081346485212676
-0.06364094820655992
-0.06364094820655992
-0.06364094820655992
-0.06364094820655992
-2.7626883154052466
-5.24203611147485
-5.24203611147485
-5.025346593009912
-5.025346593009912
-5.025346593009912
-5.025346593009912
0.8817696772947712
0.8817696772947712
0.8817696772947712
-0.06364094820655992
-0.06364094820655992
-0.06364094820655992
-0.06364094820655992
-0.06364094820655992
-0.06364094820655992
-0.06364094820655992
-0.06364094820655992
-0.06364094820655992
-0.06364094820655992
-5.24203611147485
-5.24203611147485
-5.24203611147485
-5.24203611147485
-4.888334209262443
-4.888334209262443
-4.888334209262443
-4.888334209262443
0.5463148419453016
0.5463148419453016
0.5463148419453016
-2.26584230778857
0.056496134079035476
0.056496134079035476
0.056496134079035476
0.056496134079035476
0.056496134079035476
0.056496134079035476
0.056496134079035476
0.056496134079035476
0.056496134079035476
-6.007238341594789
-6.007238341594789
-6.007238341594789
-6.007238341594789
-4.888334209262443
-4.888334209262443
-4.888334209262443
0.5463148419453016
0.5463148419453016
0.5463148419453016
0.5463148419453016
5.040072220216846
5.040072220216846
5.040072220216846
5.040072220216846
5.040072220216846
5.040072220216846
5.040072220216846
0.056496134079035476
0.056496134079035476
0.056496134079035476
0.056496134079035476
-6.007238341594789
-6.007238341594789
-6.007238341594789
-4.888334209262443
-4.888334209262443
0.5463148419453016
0.5463148419453016
0.5463148419453016
5.040072220216846
5.040072220216846
5.040072220216846
5.040072220216846
5.040072220216846
5.040072220216846
5.040072220216846
5.040072220216846
5.040072220216846
5.040072220216846
5.040072220216846
0.056496134079035476
-0.4736376510346501
-0.4736376510346501
-6.007238341594789
-6.007238341594789
-4.888334209262443
0.0509626254046249
0.0509626254046249
0.0509626254046249
5.040072220216846
5.040072220216846
5.040072220216846
5.040072220216846
5.040072220216846
10.000902263065932
10.000902263065932
10.000902263065932
5.040072220216846
5.040072220216846
5.040072220216846
5.040072220216846
5.040072220216846
-0.4736376510346501
-0.4736376510346501
-0.4736376510346501
-3.500865520564421
0.0509626254046249
0.0509626254046249
0.0509626254046249
5.040072220216846
5.040072220216846
5.040072220216846
5.040072220216846
10.000902263065932
10.000902263065932
10.000902263065932
10.000902263065932
10.000902263065932
10.000902263065932
10.000902263065932
3.290977695904556
5.040072220216846
5.040072220216846
5.040072220216846
-0.4736376510346501
-0.4736376510346501
-0.4736376510346501
0.0509626254046249
0.0509626254046249
5.040072220216846
5.040072220216846
5.040072220216846
10.000902263065932
10.000902263065932
10.000902263065932
10.000902263065932
10.000902263065932
10.000902263065932
10.000902263065932
10.000902263065932
10.000902263065932
10.000902263065932
10.000902263065932
5.040072220216846
5.040072220216846
5.040072220216846
-0.4736376510346501
-0.4736376510346501
0.0509626254046249
0.0509626254046249
5.040072220216846
5.040072220216846
5.040072220216846
10.000902263065932
10.000902263065932
10.000902263065932
8.37409353594571
14.975485890740515
14.975485890740515
14.975485890740515
10.000902263065932
10.000902263065932
10.000902263065932
10.000902263065932
5.040072220216846
5.040072220216846
5.040072220216846
-0.4736376510346501
-0.4736376510346501
0.0509626254046249
5.040072220216846
5.040072220216846
5.040072220216846
10.000902263065932
10.000902263065932
10.000902263065932
14.975485890740515
14.975485890740515
14.975485890740515
14.975485890740515
14.975485890740515
14.975485890740515
14.975485890740515
10.000902263065932
10.000902263065932
10.000902263065932
5.040072220216846
5.040072220216846
5.040072220216846
-0.4736376510346501
0.0509626254046249
5.040072220216846
5.040072220216846
5.040072220216846
10.000902263065932
10.000902263065932
11.360836456544922
14.975485890740515
14.975485890740515
14.975485890740515
14.975485890740515
14.975485890740515
14.975485890740515
14.975485890740515
10.000902263065932
10.000902263065932
10.000902263065932
5.040072220216846
5.040072220216846
5.040072220216846
-0.4736376510346501
0.0509626254046249
5.040072220216846
5.040072220216846
10.000902263065932
10.000902263065932
10.000902263065932
14.975485890740515
14.975485890740515
14.975485890740515
14.975485890740515
14.975485890740515
14.975485890740515
14.975485890740515
14.975485890740515
14.975485890740515
10.000902263065932
10.000902263065932
7.977477191898525
5.040072220216846
5.040072220216846
-0.4736376510346501
0.0509626254046249
5.040072220216846
5.040072220216846
10.000902263065932
10.000902263065932
10.000902263065932
14.975485890740515
14.975485890740515
14.975485890740515
14.975485890740515
14.975485890740515
14.975485890740515
14.975485890740515
14.975485890740515
14.975485890740515
10.000902263065932
10.000902263065932
10.000902263065932
5.040072220216846
5.040072220216846
0.0509626254046249
0.0509626254046249
5.040072220216846
5.040072220216846
10.000902263065932
10.000902263065932
10.000902263065932
14.975485890740515
14.975485890740515
14.975485890740515
14.975485890740515
14.975485890740515
14.975485890740515
14.975485890740515
14.975485890740515
14.975485890740515
10.000902263065932
10.000902263065932
10.000902263065932
5.040072220216846
5.040072220216846
0.0509626254046249
0.0509626254046249
5.040072220216846
5.040072220216846
5.040072220216846
10.000902263065932
10.000902263065932
6.119275924203653
14.975485890740515
14.975485890740515
14.975485890740515
14.975485890740515
14.975485890740515
14.975485890740515
14.975485890740515
10.000902263065932
10.000902263065932
10.000902263065932
5.040072220216846
5.040072220216846
5.040072220216846
0.0509626254046249
0.0509626254046249
5.040072220216846
5.040072220216846
5.040072220216846
10.000902263065932
10.000902263065932
10.000902263065932
14.975485890740515
14.975485890740515
14.975485890740515
14.975485890740515
14.975485890740515
14.975485890740515
14.975485890740515
10.000902263065932
10.000902263065932
10.000902263065932
5.040072220216846
5.040072220216846
5.040072220216846
0.0509626254046249
0.0509626254046249
0.0509626254046249
5.040072220216846
5.040072220216846
5.040072220216846
10.000902263065932
10.000902263065932
10.000902263065932
10.000902263065932
14.975485890740515
14.975485890740515
14.975485890740515
10.000902263065932
10.000902263065932
10.000902263065932
10.000902263065932
5.040072220216846
5.040072220216846
1.7003017059191077
0.0509626254046249
0.0509626254046249
0.0509626254046249
0.0509626254046249
5.040072220216846
5.040072220216846
5.040072220216846
10.000902263065932
10.000902263065932
10.000902263065932
10.000902263065932
10.000902263065932
10.000902263065932
10.000902263065932
10.000902263065932
10.000902263065932
10.000902263065932
10.000902263065932
5.040072220216846
5.040072220216846
5.040072220216846
0.0509626254046249
0.0509626254046249
0.0509626254046249
0.0509626254046249
0.0509626254046249
5.040072220216846
5.040072220216846
5.040072220216846
5.040072220216846
10.000902263065932
10.000902263065932
10.000902263065932
10.000902263065932
10.000902263065932
10.000902263065932
10.000902263065932
5.040072220216846
5.040072220216846
5.040072220216846
5.040072220216846
0.0509626254046249
0.0509626254046249
0.0509626254046249
-5.4129283033977185
0.0509626254046249
0.0509626254046249
0.0509626254046249
5.040072220216846
5.040072220216846
5.040072220216846
5.040072220216846
5.040072220216846
10.000902263065932
10.000902263065932
10.000902263065932
5.040072220216846
5.040072220216846
5.040072220216846
5.040072220216846
5.040072220216846
0.0509626254046249
0.0509626254046249
0.0509626254046249
-5.495522982199301
-5.4129283033977185
-5.4129283033977185
0.0509626254046249
0.0509626254046249
0.0509626254046249
0.0509626254046249
5.040072220216846
5.040072220216846
5.040072220216846
5.040072220216846
5.040072220216846
5.040072220216846
5.040072220216846
5.040072220216846
5.040072220216846
5.040072220216846
0.0509626254046249
0.0509626254046249
0.0509626254046249
-5.495522982199301
-5.495522982199301
-5.4129283033977185
-5.4129283033977185
-5.4129283033977185
0.0509626254046249
0.0509626254046249
0.0509626254046249
0.0509626254046249
5.040072220216846
5.040072220216846
5.040072220216846
5.040072220216846
5.040072220216846
5.040072220216846
5.040072220216846
0.0509626254046249
0.0509626254046249
0.0509626254046249
0.0509626254046249
-2.762702200957847
-5.495522982199301
-5.495522982199301
-5.4129283033977185
-5.4129283033977185
-5.4129283033977185
-5.4129283033977185
0.0509626254046249
0.0509626254046249
0.0509626254046249
0.0509626254046249
0.0509626254046249
0.0509626254046249
0.0509626254046249
0.0509626254046249
0.0509626254046249
0.0509626254046249
0.0509626254046249
0.0509626254046249
0.0509626254046249
-5.495522982199301
-5.495522982199301
-5.495522982199301
-5.495522982199301
-4.888389028166841
-4.888389028166841
-4.888389028166841
-4.888389028166841
0.0036664179359139873
0.0036664179359139873
0.0036664179359139873
0.0036664179359139873
0.0036664179359139873
0.0036664179359139873
0.0036664179359139873
0.0036664179359139873
0.0036664179359139873
0.0036664179359139873
0.0036664179359139873
0.0036664179359139873
0.0036664179359139873
-5.756689701560915
-5.756689701560915
-5.756689701560915
-5.756689701560915
-4.888389028166841
-4.888389028166841
-4.888389028166841
0.0036664179359139873
0.0036664179359139873
0.0036664179359139873
0.0036664179359139873
5.026627324593026
5.026627324593026
5.026627324593026
5.026627324593026
5.026627324593026
5.026627324593026
5.026627324593026
0.0036664179359139873
0.0036664179359139873
0.0036664179359139873
0.0036664179359139873
-5.756689701560915
-5.756689701560915
-5.756689701560915
-4.888389028166841
-4.888389028166841
0.0036664179359139873
0.0036664179359139873
0.0036664179359139873
5.026627324593026
5.026627324593026
5.026627324593026
5.026627324593026
5.026627324593026
5.026627324593026
5.026627324593026
5.026627324593026
5.026627324593026
5.026627324593026
5.026627324593026
0.0036664179359139873
0.0036664179359139873
0.0036664179359139873
-5.756689701560915
-5.756689701560915
-4.888389028166841
0.0036664179359139873
0.0036664179359139873
0.0036664179359139873
5.026627324593026
5.026627324593026
5.026627324593026
5.026627324593026
5.026627324593026
9.939173688750422
9.939173688750422
9.939173688750422
5.026627324593026
5.026627324593026
5.026627324593026
5.026627324593026
5.026627324593026
0.0036664179359139873
0.0036664179359139873
0.0036664179359139873
-5.756689701560915
0.0036664179359139873
0.0036664179359139873
0.0036664179359139873
5.026627324593026
5.026627324593026
5.026627324593026
5.026627324593026
9.939173688750422
9.939173688750422
9.939173688750422
9.939173688750422
9.939173688750422
9.939173688750422
9.939173688750422
5.026627324593026
5.026627324593026
5.026627324593026
5.026627324593026
0.0036664179359139873
0.0036664179359139873
0.0036664179359139873
0.0036664179359139873
0.0036664179359139873
5.026627324593026
5.026627324593026
5.026627324593026
9.939173688750422
9.939173688750422
9.939173688750422
9.939173688750422
9.939173688750422
9.939173688750422
9.939173688750422
9.939173688750422
9.939173688750422
9.939173688750422
9.939173688750422
5.026627324593026
5.026627324593026
5.026627324593026
0.0036664179359139873
0.0036664179359139873
0.0036664179359139873
0.0036664179359139873
5.026627324593026
5.026627324593026
5.026627324593026
9.939173688750422
9.939173688750422
9.939173688750422
9.939173688750422
14.975517055481527
14.975517055481527
14.975517055481527
9.939173688750422
9.939173688750422
9.939173688750422
9.939173688750422
5.026627324593026
5.026627324593026
5.026627324593026
0.0036664179359139873
0.0036664179359139873
0.0036664179359139873
5.026627324593026
5.026627324593026
5.026627324593026
9.939173688750422
9.939173688750422
9.939173688750422
14.975517055481527
14.975517055481527
14.975517055481527
14.975517055481527
14.975517055481527
14.975517055481527
14.975517055481527
9.939173688750422
9.939173688750422
9.939173688750422
5.026627324593026
5.026627324593026
5.026627324593026
0.0036664179359139873
0.0036664179359139873
5.026627324593026
5.026627324593026
5.026627324593026
9.939173688750422
9.939173688750422
9.939173688750422
14.975517055481527
14.975517055481527
14.975517055481527
14.975517055481527
14.975517055481527
14.975517055481527
14.975517055481527
9.939173688750422
9.939173688750422
9.939173688750422
5.026627324593026
5.026627324593026
5.026627324593026
0.0036664179359139873
0.0036664179359139873
5.026627324593026
5.026627324593026
9.939173688750422
9.939173688750422
9.939173688750422
14.975517055481527
14.975517055481527
14.975517055481527
14.975517055481527
14.975517055481527
14.975517055481527
14.975517055481527
14.975517055481527
14.975517055481527
9.939173688750422
9.939173688750422
9.939173688750422
5.026627324593026
5.026627324593026
0.0036664179359139873
0.0036664179359139873
5.026627324593026
5.026627324593026
9.939173688750422
9.939173688750422
9.939173688750422
14.975517055481527
14.975517055481527
14.975517055481527
14.975517055481527
14.975517055481527
14.975517055481527
14.975517055481527
14.975517055481527
14.975517055481527
9.939173688750422
9.939173688750422
9.939173688750422
5.026627324593026
5.026627324593026
0.0036664179359139873
0.0036664179359139873
5.026627324593026
5.026627324593026
9.939173688750422
9.939173688750422
9.939173688750422
14.975517055481527
14.975517055481527
14.975517055481527
14.975517055481527
14.975517055481527
14.975517055481527
14.975517055481527
14.975517055481527
14.975517055481527
9.939173688750422
9.939173688750422
9.939173688750422
5.026627324593026
5.026627324593026
0.0036664179359139873
0.0036664179359139873
5.026627324593026
5.026627324593026
5.026627324593026
9.939173688750422
9.939173688750422
9.939173688750422
14.975517055481527
14.975517055481527
14.975517055481527
14.975517055481527
14.975517055481527
14.975517055481527
14.975517055481527
9.939173688750422
9.939173688750422
9.939173688750422
5.026627324593026
5.026627324593026
5.026627324593026
0.0036664179359139873
0.0036664179359139873
5.026627324593026
5.026627324593026
5.026627324593026
9.939173688750422
9.939173688750422
9.939173688750422
14.975517055481527
14.975517055481527
14.975517055481527
14.975517055481527
14.975517055481527
14.975517055481527
14.975517055481527
9.939173688750422
9.939173688750422
9.939173688750422
5.026627324593026
5.026627324593026
5.026627324593026
0.0036664179359139873
0.0036664179359139873
0.0036664179359139873
5.026627324593026
5.026627324593026
5.026627324593026
9.939173688750422
9.939173688750422
9.939173688750422
9.939173688750422
14.975517055481527
14.975517055481527
14.975517055481527
9.939173688750422
9.939173688750422
9.939173688750422
9.939173688750422
5.026627324593026
5.026627324593026
1.7002956330233778
0.0036664179359139873
0.0036664179359139873
0.0036664179359139873
0.0036664179359139873
5.026627324593026
5.026627324593026
5.026627324593026
9.939173688750422
9.939173688750422
9.939173688750422
9.939173688750422
9.939173688750422
9.939173688750422
9.939173688750422
9.939173688750422
9.939173688750422
9.939173688750422
9.939173688750422
5.026627324593026
5.026627324593026
5.026627324593026
0.0036664179359139873
0.0036664179359139873
0.0036664179359139873
0.0036664179359139873
0.0036664179359139873
5.026627324593026
5.026627324593026
5.026627324593026
5.026627324593026
9.939173688750422
9.939173688750422
9.939173688750422
9.939173688750422
9.939173688750422
9.939173688750422
9.939173688750422
5.026627324593026
5.026627324593026
5.026627324593026
5.026627324593026
0.0036664179359139873
0.0036664179359139873
0.0036664179359139873
-5.412928776355064
0.0036664179359139873
0.0036664179359139873
0.0036664179359139873
5.026627324593026
5.026627324593026
5.026627324593026
5.026627324593026
5.026627324593026
9.939173688750422
9.939173688750422
9.939173688750422
5.026627324593026
5.026627324593026
5.026627324593026
5.026627324593026
5.026627324593026
0.0036664179359139873
0.0036664179359139873
0.0036664179359139873
-5.222272246192854
-5.412928776355064
-5.412928776355064
0.0036664179359139873
0.0036664179359139873
0.0036664179359139873
0.0036664179359139873
5.026627324593026
5.026627324593026
5.026627324593026
5.026627324593026
5.026627324593026
5.026627324593026
5.026627324593026
5.026627324593026
5.026627324593026
5.026627324593026
0.0036664179359139873
0.0036664179359139873
0.0036664179359139873
-5.222272246192854
-5.222272246192854
-5.412928776355064
-5.412928776355064
-5.412928776355064
0.0036664179359139873
0.0036664179359139873
0.0036664179359139873
0.0036664179359139873
5.026627324593026
5.026627324593026
5.026627324593026
5.026627324593026
5.026627324593026
5.026627324593026
5.026627324593026
0.0036664179359139873
0.0036664179359139873
0.0036664179359139873
0.0036664179359139873
-5.222272246192854
-5.222272246192854
-5.222272246192854
-5.412928776355064
-5.412928776355064
-5.412928776355064
-5.412928776355064
0.0036664179359139873
0.0036664179359139873
0.0036664179359139873
0.0036664179359139873
0.0036664179359139873
0.0036664179359139873
0.0036664179359139873
0.0036664179359139873
0.0036664179359139873
0.0036664179359139873
0.0036664179359139873
0.0036664179359139873
0.0036664179359139873
-5.222272246192854
-5.222272246192854
-5.222272246192854
-5.222272246192854
-4.888361879225985
-4.888361879225985
-4.888361879225985
-4.888361879225985
2.718587652548767
2.718587652548767
2.718587652548767
2.718587652548767
2.718587652548767
2.718587652548767
2.718587652548767
2.718587652548767
2.718587652548767
2.718587652548767
2.718587652548767
2.718587652548767
2.718587652548767
-6.007242169184991
-6.007242169184991
-6.007242169184991
-6.007242169184991
-4.888361879225985
-4.888361879225985
-4.888361879225985
2.718587652548767
2.718587652548767
2.718587652548767
2.718587652548767
2.718587652548767
2.718587652548767
2.718587652548767
2.718587652548767
2.718587652548767
2.718587652548767
2.718587652548767
2.718587652548767
2.718587652548767
2.718587652548767
2.718587652548767
-6.007242169184991
-6.007242169184991
-6.007242169184991
-4.888361879225985
-4.888361879225985
2.718587652548767
2.718587652548767
2.718587652548767
2.718587652548767
2.718587652548767
2.718587652548767
2.718587652548767
2.718587652548767
2.718587652548767
2.718587652548767
2.718587652548767
2.718587652548767
2.718587652548767
2.718587652548767
2.718587652548767
2.718587652548767
-0.9738471217426642
-6.007242169184991
-6.007242169184991
-4.888361879225985
2.718587652548767
2.718587652548767
2.718587652548767
2.718587652548767
2.718587652548767
2.718587652548767
2.718587652548767
2.718587652548767
10.218021752682125
10.218021752682125
8.406397513393781
2.718587652548767
2.718587652548767
2.718587652548767
2.718587652548767
2.718587652548767
2.718587652548767
-0.9738471217426642
-0.9738471217426642
-0.9738471217426642
2.718587652548767
2.718587652548767
2.718587652548767
2.718587652548767
2.718587652548767
2.718587652548767
2.718587652548767
10.218021752682125
10.218021752682125
10.218021752682125
10.218021752682125
10.218021752682125
10.218021752682125
10.218021752682125
2.718587652548767
2.718587652548767
2.718587652548767
2.718587652548767
-0.9738471217426642
-0.9738471217426642
-0.9738471217426642
2.718587652548767
2.718587652548767
2.718587652548767
2.718587652548767
2.718587652548767
10.218021752682125
10.218021752682125
10.218021752682125
10.218021752682125
10.218021752682125
10.218021752682125
10.218021752682125
10.218021752682125
10.218021752682125
10.218021752682125
10.218021752682125
2.718587652548767
2.718587652548767
2.718587652548767
-0.9738471217426642
-0.9738471217426642
2.718587652548767
2.718587652548767
2.718587652548767
2.718587652548767
2.718587652548767
10.218021752682125
10.218021752682125
10.218021752682125
10.218021752682125
10.218021752682125
10.218021752682125
10.218021752682125
10.218021752682125
10.218021752682125
10.218021752682125
10.218021752682125
2.718587652548767
2.718587652548767
2.718587652548767
-0.9738471217426642
-0.9738471217426642
2.718587652548767
2.718587652548767
2.718587652548767
2.718587652548767
10.218021752682125
10.218021752682125
14.83726487933469
14.83726487933469
14.83726487933469
14.83726487933469
14.83726487933469
14.83726487933469
14.83726487933469
14.83726487933469
10.218021752682125
10.218021752682125
10.218021752682125
2.718587652548767
2.718587652548767
2.718587652548767
-0.9738471217426642
2.718587652548767
2.718587652548767
2.718587652548767
2.718587652548767
10.218021752682125
10.218021752682125
14.83726487933469
14.83726487933469
14.83726487933469
14.83726487933469
14.83726487933469
14.83726487933469
14.83726487933469
14.83726487933469
10.218021752682125
10.218021752682125
10.218021752682125
2.718587652548767
2.718587652548767
2.718587652548767
-0.9738471217426642
2.718587652548767
2.718587652548767
2.718587652548767
10.218021752682125
10.218021752682125
10.218021752682125
14.83726487933469
14.83726487933469
14.83726487933469
14.83726487933469
14.83726487933469
14.83726487933469
14.83726487933469
14.83726487933469
10.218021752682125
10.218021752682125
10.218021752682125
10.218021752682125
2.718587652548767
2.718587652548767
-0.9738471217426642
2.718587652548767
2.718587652548767
2.718587652548767
10.218021752682125
10.218021752682125
10.218021752682125
14.83726487933469
14.83726487933469
14.83726487933469
14.83726487933469
14.83726487933469
14.83726487933469
14.83726487933469
14.83726487933469
10.218021752682125
10.218021752682125
10.218021752682125
10.218021752682125
2.718587652548767
2.718587652548767
2.718587652548767
2.718587652548767
2.718587652548767
2.718587652548767
10.218021752682125
10.218021752682125
10.218021752682125
14.83726487933469
14.83726487933469
14.83726487933469
14.83726487933469
14.83726487933469
14.83726487933469
14.83726487933469
14.83726487933469
10.218021752682125
10.218021752682125
10.218021752682125
10.218021752682125
2.718587652548767
2.718587652548767
2.718587652548767
2.718587652548767
2.718587652548767
2.718587652548767
2.718587652548767
10.218021752682125
10.218021752682125
10.218021752682125
14.83726487933469
14.83726487933469
14.83726487933469
14.83726487933469
14.83726487933469
14.83726487933469
14.83726487933469
10.218021752682125
10.218021752682125
10.218021752682125
2.718587652548767
2.718587652548767
2.718587652548767
2.718587652548767
2.718587652548767
2.718587652548767
2.718587652548767
2.718587652548767
10.218021752682125
10.218021752682125
10.218021752682125
14.83726487933469
14.83726487933469
14.83726487933469
14.83726487933469
14.83726487933469
14.83726487933469
14.83726487933469
10.218021752682125
10.218021752682125
10.218021752682125
2.718587652548767
2.718587652548767
2.718587652548767
2.718587652548767
2.718587652548767
2.718587652548767
2.718587652548767
2.718587652548767
2.718587652548767
2.718587652548767
10.218021752682125
10.218021752682125
10.218021752682125
14.83726487933469
14.83726487933469
14.83726487933469
10.218021752682125
10.218021752682125
10.218021752682125
10.218021752682125
2.718587652548767
2.718587652548767
2.718587652548767
2.718587652548767
2.718587652548767
2.718587652548767
2.718587652548767
2.718587652548767
2.718587652548767
2.718587652548767
2.718587652548767
10.218021752682125
10.218021752682125
10.218021752682125
10.218021752682125
10.218021752682125
10.218021752682125
10.218021752682125
10.218021752682125
10.218021752682125
10.218021752682125
2.718587652548767
2.718587652548767
2.718587652548767
2.718587652548767
2.718587652548767
2.718587652548767
2.718587652548767
2.718587652548767
2.718587652548767
2.718587652548767
2.718587652548767
10.218021752682125
10.218021752682125
10.218021752682125
10.218021752682125
10.218021752682125
10.218021752682125
10.218021752682125
10.218021752682125
2.718587652548767
2.718587652548767
2.718587652548767
2.718587652548767
2.718587652548767
2.718587652548767
2.718587652548767
-5.412901627414208
2.718587652548767
2.718587652548767
2.718587652548767
2.718587652548767
2.718587652548767
2.718587652548767
2.718587652548767
2.718587652548767
2.718587652548767
2.718587652548767
2.718587652548767
2.718587652548767
2.718587652548767
2.718587652548767
2.718587652548767
2.718587652548767
2.718587652548767
2.718587652548767
2.718587652548767
2.718587652548767
-5.412901627414208
-5.412901627414208
2.718587652548767
2.718587652548767
2.718587652548767
2.718587652548767
2.718587652548767
2.718587652548767
2.718587652548767
2.718587652548767
2.718587652548767
2.718587652548767
2.718587652548767
2.718587652548767
2.718587652548767
2.718587652548767
2.718587652548767
2.718587652548767
2.718587652548767
2.718587652548767
2.718587652548767
-5.412901627414208
-5.412901627414208
-5.412901627414208
2.718587652548767
2.718587652548767
2.718587652548767
2.718587652548767
2.718587652548767
2.718587652548767
2.718587652548767
2.718587652548767
2.718587652548767
2.718587652548767
2.718587652548767
2.718587652548767
2.718587652548767
2.718587652548767
2.718587652548767
2.718587652548767
2.718587652548767
2.718587652548767
-5.412901627414208
-5.412901627414208
-5.412901627414208
-5.412901627414208
2.718587652548767
2.718587652548767
2.718587652548767
2.718587652548767
2.718587652548767
2.718587652548767
2.718587652548767
2.718587652548767
2.718587652548767
2.718587652548767
2.718587652548767
2.718587652548767
2.718587652548767
2.718587652548767
2.718587652548767
2.718587652548767
2.718587652548767
2.555862032113004
2.555862032113004
2.555862032113004
2.555862032113004
2.555862032113004
2.555862032113004
2.555862032113004
2.555862032113004
2.555862032113004
2.555862032113004
2.555862032113004
2.555862032113004
2.555862032113004
2.555862032113004
2.555862032113004
2.555862032113004
2.555862032113004
-6.080990975694258
-6.080990975694258
-6.080990975694258
-6.080990975694258
2.555862032113004
2.555862032113004
2.555862032113004
2.555862032113004
2.555862032113004
2.555862032113004
2.555862032113004
2.555862032113004
2.555862032113004
2.555862032113004
2.555862032113004
2.555862032113004
2.555862032113004
2.555862032113004
2.555862032113004
2.555862032113004
2.555862032113004
2.555862032113004
-6.080990975694258
-6.080990975694258
-6.080990975694258
2.555862032113004
2.555862032113004
2.555862032113004
2.555862032113004
2.555862032113004
2.555862032113004
2.555862032113004
2.555862032113004
2.555862032113004
2.555862032113004
2.555862032113004
2.555862032113004
2.555862032113004
2.555862032113004
2.555862032113004
2.555862032113004
2.555862032113004
2.555862032113004
2.555862032113004
2.555862032113004
2.555862032113004
2.555862032113004
2.555862032113004
2.555862032113004
2.555862032113004
2.555862032113004
2.555862032113004
2.555862032113004
2.555862032113004
2.555862032113004
2.555862032113004
2.555862032113004
2.555862032113004
2.555862032113004
2.555862032113004
2.555862032113004
2.555862032113004
2.555862032113004
2.555862032113004
2.555862032113004
2.555862032113004
2.555862032113004
2.555862032113004
2.555862032113004
2.555862032113004
2.555862032113004
2.555862032113004
2.555862032113004
2.555862032113004
12.107343286720694
12.107343286720694
12.107343286720694
12.107343286720694
12.107343286720694
12.107343286720694
12.107343286720694
2.555862032113004
2.555862032113004
2.555862032113004
2.555862032113004
2.555862032113004
2.555862032113004
2.555862032113004
2.555862032113004
2.555862032113004
2.555862032113004
2.555862032113004
2.555862032113004
12.107343286720694
12.107343286720694
12.107343286720694
12.107343286720694
12.107343286720694
12.107343286720694
12.107343286720694
12.107343286720694
12.107343286720694
12.107343286720694
12.107343286720694
2.555862032113004
2.555862032113004
2.555862032113004
2.555862032113004
2.555862032113004
2.555862032113004
2.555862032113004
2.555862032113004
2.555862032113004
2.555862032113004
12.107343286720694
12.107343286720694
12.107343286720694
12.107343286720694
12.107343286720694
12.107343286720694
12.107343286720694
12.107343286720694
12.107343286720694
12.107343286720694
12.107343286720694
2.555862032113004
2.555862032113004
2.555862032113004
2.555862032113004
2.555862032113004
2.555862032113004
2.555862032113004
2.555862032113004
2.555862032113004
2.555862032113004
12.107343286720694
12.107343286720694
12.107343286720694
12.107343286720694
12.107343286720694
12.107343286720694
12.107343286720694
12.107343286720694
12.107343286720694
12.107343286720694
12.107343286720694
12.107343286720694
2.555862032113004
2.555862032113004
2.555862032113004
2.555862032113004
2.555862032113004
2.555862032113004
2.555862032113004
12.107343286720694
12.107343286720694
12.107343286720694
12.107343286720694
12.107343286720694
12.107343286720694
12.107343286720694
12.107343286720694
12.107343286720694
12.107343286720694
12.107343286720694
12.107343286720694
12.107343286720694
12.107343286720694
2.555862032113004
2.555862032113004
2.555862032113004
2.555862032113004
2.555862032113004
2.555862032113004
2.555862032113004
12.107343286720694
12.107343286720694
12.107343286720694
12.107343286720694
12.107343286720694
12.107343286720694
12.107343286720694
12.107343286720694
12.107343286720694
12.107343286720694
12.107343286720694
12.107343286720694
12.107343286720694
12.107343286720694
12.107343286720694
2.555862032113004
2.555862032113004
2.555862032113004
2.555862032113004
2.555862032113004
2.555862032113004
12.107343286720694
12.107343286720694
12.107343286720694
12.107343286720694
12.107343286720694
12.107343286720694
12.107343286720694
12.107343286720694
12.107343286720694
12.107343286720694
12.107343286720694
12.107343286720694
12.107343286720694
12.107343286720694
12.107343286720694
2.555862032113004
2.555862032113004
2.555862032113004
2.555862032113004
2.555862032113004
2.555862032113004
12.107343286720694
12.107343286720694
12.107343286720694
12.107343286720694
12.107343286720694
12.107343286720694
12.107343286720694
12.107343286720694
12.107343286720694
12.107343286720694
12.107343286720694
12.107343286720694
12.107343286720694
12.107343286720694
12.107343286720694
2.555862032113004
2.555862032113004
2.555862032113004
2.555862032113004
2.555862032113004
2.555862032113004
2.555862032113004
12.107343286720694
12.107343286720694
12.107343286720694
12.107343286720694
12.107343286720694
12.107343286720694
12.107343286720694
12.107343286720694
12.107343286720694
12.107343286720694
12.107343286720694
12.107343286720694
12.107343286720694
2.555862032113004
2.555862032113004
2.555862032113004
2.555862032113004
2.555862032113004
2.555862032113004
2.555862032113004
2.555862032113004
12.107343286720694
12.107343286720694
12.107343286720694
12.107343286720694
12.107343286720694
12.107343286720694
12.107343286720694
12.107343286720694
12.107343286720694
12.107343286720694
12.107343286720694
12.107343286720694
12.107343286720694
2.555862032113004
2.555862032113004
2.555862032113004
2.555862032113004
2.555862032113004
2.555862032113004
2.555862032113004
2.555862032113004
12.107343286720694
12.107343286720694
12.107343286720694
12.107343286720694
12.107343286720694
12.107343286720694
12.107343286720694
12.107343286720694
12.107343286720694
12.107343286720694
12.107343286720694
12.107343286720694
2.555862032113004
2.555862032113004
2.555862032113004
2.555862032113004
2.555862032113004
2.555862032113004
2.555862032113004
2.555862032113004
2.555862032113004
2.555862032113004
2.555862032113004
2.555862032113004
2.555862032113004
2.555862032113004
2.555862032113004
2.555862032113004
2.555862032113004
12.107343286720694
12.107343286720694
12.107343286720694
12.107343286720694
2.555862032113004
2.555862032113004
2.555862032113004
2.555862032113004
2.555862032113004
2.555862032113004
2.555862032113004
2.555862032113004
2.555862032113004
2.555862032113004
2.555862032113004
2.555862032113004
2.555862032113004
2.555862032113004
2.555862032113004
2.555862032113004
2.555862032113004
2.555862032113004
2.555862032113004
2.555862032113004
2.555862032113004
2.555862032113004
2.555862032113004
2.555862032113004
2.555862032113004
2.555862032113004
-5.533573983407645
2.555862032113004
2.555862032113004
2.555862032113004
2.555862032113004
2.555862032113004
2.555862032113004
2.555862032113004
2.555862032113004
2.555862032113004
2.555862032113004
2.555862032113004
2.555862032113004
2.555862032113004
2.555862032113004
2.555862032113004
2.555862032113004
2.555862032113004
2.555862032113004
2.555862032113004
2.555862032113004
-5.533573983407645
-5.533573983407645
2.555862032113004
2.555862032113004
2.555862032113004
2.555862032113004
2.555862032113004
2.555862032113004
2.555862032113004
2.555862032113004
2.555862032113004
2.555862032113004
2.555862032113004
2.555862032113004
2.555862032113004
2.555862032113004
2.555862032113004
2.555862032113004
2.555862032113004
2.555862032113004
2.555862032113004
-5.533573983407645
-5.533573983407645
-5.533573983407645
2.555862032113004
2.555862032113004
2.555862032113004
2.555862032113004
2.555862032113004
2.555862032113004
2.555862032113004
2.555862032113004
2.555862032113004
2.555862032113004
2.555862032113004
2.555862032113004
2.555862032113004
2.555862032113004
2.555862032113004
2.555862032113004
2.555862032113004
2.555862032113004
-5.533573983407645
-5.533573983407645
-5.533573983407645
2.555862032113004
2.555862032113004
2.555862032113004
2.555862032113004
2.555862032113004
2.555862032113004
2.555862032113004
2.555862032113004
2.555862032113004
2.555862032113004
2.555862032113004
2.555862032113004
2.555862032113004
2.555862032113004
2.555862032113004
2.555862032113004
2.555862032113004
2.555862032113004
5.555519594930635
5.555519594930635
5.555519594930635
5.555519594930635
5.555519594930635
5.555519594930635
5.555519594930635
5.555519594930635
5.555519594930635
5.555519594930635
5.555519594930635
5.555519594930635
5.555519594930635
5.555519594930635
5.555519594930635
5.555519594930635
5.555519594930635
5.555519594930635
5.555519594930635
5.555519594930635
5.555519594930635
5.555519594930635
5.555519594930635
5.555519594930635
5.555519594930635
5.555519594930635
5.555519594930635
5.555519594930635
5.555519594930635
5.555519594930635
5.555519594930635
5.555519594930635
5.555519594930635
5.555519594930635
5.555519594930635
5.555519594930635
5.555519594930635
5.555519594930635
5.555519594930635
5.555519594930635
5.555519594930635
5.555519594930635
5.555519594930635
5.555519594930635
5.555519594930635
5.555519594930635
5.555519594930635
5.555519594930635
5.555519594930635
5.555519594930635
5.555519594930635
5.555519594930635
5.555519594930635
5.555519594930635
5.555519594930635
5.555519594930635
5.555519594930635
5.555519594930635
5.555519594930635
5.555519594930635
5.555519594930635
5.555519594930635
5.555519594930635
5.555519594930635
5.555519594930635
5.555519594930635
5.555519594930635
5.555519594930635
5.555519594930635
5.555519594930635
5.555519594930635
5.555519594930635
5.555519594930635
5.555519594930635
5.555519594930635
5.555519594930635
5.555519594930635
5.555519594930635
5.555519594930635
5.555519594930635
5.555519594930635
5.555519594930635
5.555519594930635
5.555519594930635
5.555519594930635
5.555519594930635
5.555519594930635
5.555519594930635
5.555519594930635
5.555519594930635
5.555519594930635
5.555519594930635
5.555519594930635
5.555519594930635
5.555519594930635
5.555519594930635
5.555519594930635
5.555519594930635
5.555519594930635
5.555519594930635
5.555519594930635
5.555519594930635
5.555519594930635
5.555519594930635
5.555519594930635
5.555519594930635
5.555519594930635
5.555519594930635
5.555519594930635
5.555519594930635
5.555519594930635
5.555519594930635
5.555519594930635
5.555519594930635
5.555519594930635
5.555519594930635
5.555519594930635
5.555519594930635
5.555519594930635
5.555519594930635
5.555519594930635
5.555519594930635
5.555519594930635
5.555519594930635
5.555519594930635
5.555519594930635
5.555519594930635
5.555519594930635
5.555519594930635
5.555519594930635
5.555519594930635
5.555519594930635
5.555519594930635
5.555519594930635
5.555519594930635
5.555519594930635
5.555519594930635
5.555519594930635
5.555519594930635
5.555519594930635
5.555519594930635
5.555519594930635
5.555519594930635
5.555519594930635
5.555519594930635
5.555519594930635
5.555519594930635
5.555519594930635
5.555519594930635
5.555519594930635
5.555519594930635
5.555519594930635
5.555519594930635
5.555519594930635
5.555519594930635
5.555519594930635
5.555519594930635
5.555519594930635
5.555519594930635
5.555519594930635
5.555519594930635
5.555519594930635
5.555519594930635
5.555519594930635
5.555519594930635
5.555519594930635
5.555519594930635
5.555519594930635
5.555519594930635
5.555519594930635
5.555519594930635
5.555519594930635
5.555519594930635
5.555519594930635
5.555519594930635
5.555519594930635
5.555519594930635
5.555519594930635
5.555519594930635
5.555519594930635
5.555519594930635
5.555519594930635
5.555519594930635
5.555519594930635
5.555519594930635
5.555519594930635
5.555519594930635
5.555519594930635
5.555519594930635
5.555519594930635
5.555519594930635
5.555519594930635
5.555519594930635
5.555519594930635
5.555519594930635
5.555519594930635
5.555519594930635
5.555519594930635
5.555519594930635
5.555519594930635
5.555519594930635
5.555519594930635
5.555519594930635
5.555519594930635
5.555519594930635
5.555519594930635
5.555519594930635
5.555519594930635
5.555519594930635
5.555519594930635
5.555519594930635
5.555519594930635
5.555519594930635
5.555519594930635
5.555519594930635
5.555519594930635
5.555519594930635
5.555519594930635
5.555519594930635
5.555519594930635
5.555519594930635
5.555519594930635
5.555519594930635
5.555519594930635
5.555519594930635
5.555519594930635
5.555519594930635
5.555519594930635
5.555519594930635
5.555519594930635
5.555519594930635
5.555519594930635
5.555519594930635
5.555519594930635
5.555519594930635
5.555519594930635
5.555519594930635
5.555519594930635
5.555519594930635
5.555519594930635
5.555519594930635
5.555519594930635
5.555519594930635
5.555519594930635
5.555519594930635
5.555519594930635
5.555519594930635
5.555519594930635
5.555519594930635
5.555519594930635
5.555519594930635
5.555519594930635
5.555519594930635
5.555519594930635
5.555519594930635
5.555519594930635
5.555519594930635
5.555519594930635
5.555519594930635
5.555519594930635
5.555519594930635
5.555519594930635
5.555519594930635
5.555519594930635
5.555519594930635
5.555519594930635
5.555519594930635
5.555519594930635
5.555519594930635
5.555519594930635
5.555519594930635
5.555519594930635
5.555519594930635
5.555519594930635
5.555519594930635
5.555519594930635
5.555519594930635
5.555519594930635
5.555519594930635
5.555519594930635
5.555519594930635
5.555519594930635
5.555519594930635
5.555519594930635
5.555519594930635
5.555519594930635
5.555519594930635
5.555519594930635
5.555519594930635
5.555519594930635
5.555519594930635
5.555519594930635
5.555519594930635
5.555519594930635
5.555519594930635
5.555519594930635
5.555519594930635
5.555519594930635
5.555519594930635
5.555519594930635
5.555519594930635
5.555519594930635
5.555519594930635
5.555519594930635
5.555519594930635
5.555519594930635
5.555519594930635
5.555519594930635
5.555519594930635
5.555519594930635
5.555519594930635
5.555519594930635
5.555519594930635
5.555519594930635
5.555519594930635
5.555519594930635
5.555519594930635
5.555519594930635
5.555519594930635
5.555519594930635
5.555519594930635
5.555519594930635
5.555519594930635
5.555519594930635
5.555519594930635
5.555519594930635
5.555519594930635
5.555519594930635
5.555519594930635
5.555519594930635
5.555519594930635
5.555519594930635
5.555519594930635
5.555519594930635
5.555519594930635
5.555519594930635
5.555519594930635
5.555519594930635
5.555519594930635
5.555519594930635
5.555519594930635
5.555519594930635
5.555519594930635
5.555519594930635
5.555519594930635
5.555519594930635
5.555519594930635
5.555519594930635
5.555519594930635
5.555519594930635
5.555519594930635
5.555519594930635
5.555519594930635
5.555519594930635
5.555519594930635
5.555519594930635
5.555519594930635
-5.533540654249493
5.555519594930635
5.555519594930635
5.555519594930635
5.555519594930635
5.555519594930635
5.555519594930635
5.555519594930635
5.555519594930635
5.555519594930635
5.555519594930635
5.555519594930635
5.555519594930635
5.555519594930635
5.555519594930635
5.555519594930635
5.555519594930635
5.555519594930635
5.555519594930635
5.555519594930635
5.555519594930635
-5.533540654249493
-5.533540654249493
5.555519594930635
5.555519594930635
5.555519594930635
5.555519594930635
5.555519594930635
5.555519594930635
5.555519594930635
5.555519594930635
5.555519594930635
5.555519594930635
5.555519594930635
5.555519594930635
5.555519594930635
5.555519594930635
5.555519594930635
5.555519594930635
5.555519594930635
5.555519594930635
5.555519594930635
-5.533540654249493
-5.533540654249493
-5.533540654249493
5.555519594930635
5.555519594930635
5.555519594930635
5.555519594930635
5.555519594930635
5.555519594930635
5.555519594930635
5.555519594930635
5.555519594930635
5.555519594930635
5.555519594930635
5.555519594930635
5.555519594930635
5.555519594930635
5.555519594930635
5.555519594930635
5.555519594930635
5.555519594930635
-5.533540654249493
-5.533540654249493
-5.533540654249493
5.555519594930635
5.555519594930635
5.555519594930635
5.555519594930635
5.555519594930635
5.555519594930635
5.555519594930635
5.555519594930635
5.555519594930635
5.555519594930635
5.555519594930635
5.555519594930635
5.555519594930635
5.555519594930635
5.555519594930635
5.555519594930635
5.555519594930635
5.555519594930635
