x1,x2,x3,x4,x5
-6.371456635641536,-7.031705445509078,-7.676091146056244,-7.758478483936667,-7.826642976214211
-6.36779622998673,-7.031705445509078,-7.877642556841171,-7.758741186809661,-7.826642976214211
-6.356998148305907,-8.971575617485268,-7.981519013382095,-7.758785715202129,-7.826642976214211
-6.331563771467753,-7.031705445509078,-7.8363875030484325,-7.758771871189124,-7.826642976214211
-6.3009903885808605,-8.971575617485268,-7.7666531961491145,-7.758683761392349,-7.826642976214211
-6.26445407813878,-7.031705445509078,-7.648999703149726,-7.758785948635455,-7.826642976214211
-6.2349821881510685,-5.565804518368188,-7.427699861827976,-7.7586261187124705,-7.826642976214211
-9.590806013145663,-8.971575617485268,-8.063633290656457,-7.7587887982343995,-7.826642976214211
-5.936189875632793,-7.031705445509078,-7.659090309118954,-7.758669446886405,-7.826642976214211
-5.9100906129873545,-7.031705445509078,-7.8050141792899685,-7.758664924662825,-7.826642976214211
-5.8607102637540285,-7.031705445509078,-7.772548683917887,-7.758684207902209,-7.826642976214211
-5.793772665962422,-7.031705445509078,-7.59378732563037,-7.758744266500406,-7.826642976214211
-5.719103506892395,-5.565804518368188,-5.8239692328704615,-5.914342752414884,-6.210254100773629
-5.654182713207993,-7.031705445509078,-5.986417311919458,-5.914328687482988,-6.210254100773629
-5.590886370864812,-5.565804518368188,-5.9334981647248615,-5.914199004396059,-6.210254100773629
-5.538032110706774,-5.565804518368188,-5.914730733029761,-5.914383046998203,-6.210254100773629
-5.493195740805611,-7.031705445509078,-5.956492442617238,-5.9143540897455,-6.210254100773629
-5.452603078470585,-7.031705445509078,-6.050076871886827,-5.91473008275084,-6.210254100773629
-5.408043210658569,-5.565804518368188,-5.8969621461720685,-5.914369828098362,-6.210254100773629
-5.373711257828808,-7.031705445509078,-5.9535618209789405,-5.914472827328117,-6.210254100773629
-5.340906789341776,-7.031705445509078,-6.055237259068919,-5.914354348161327,-6.210254100773629
-5.2991632656574295,-5.565804518368188,-5.735324188055516,-5.914256558699524,-6.210254100773629
-5.2666267115984615,-5.565804518368188,-5.7679178594075085,-5.914404029007842,-6.210254100773629
-5.235514767678584,-5.565804518368188,-5.896485780145735,-5.914328372368262,-6.210254100773629
-5.197807838133873,-3.588805094456595,-4.1725459612254685,-4.2163265067895175,-4.050990193363089
-5.1685369029895964,-3.588805094456595,-4.136617208187448,-4.216247386331506,-4.050990193363089
-5.154708616012854,-3.588805094456595,-4.328784482998228,-4.216267214080812,-4.050990193363089
-5.137283232050311,-3.588805094456595,-4.117355617291027,-4.216273271746893,-4.050990193363089
-5.1237943850254375,-5.565804518368188,-4.292771013080684,-4.216413972642572,-4.050990193363089
-5.117508582886544,-3.588805094456595,-4.222168978747506,-4.216282950315569,-4.050990193363089
-5.122063062490792,-3.588805094456595,-4.322804297076571,-4.216265468226131,-4.050990193363089
-5.1326313256207925,-5.565804518368188,-4.52035391689829,-4.21632058402501,-4.050990193363089
-1.7300738518077596,-3.588805094456595,-4.067026665473556,-4.216257702179643,-4.050990193363089
-1.7369636910890847,-3.588805094456595,-4.1116517980010725,-4.216316212604365,-4.050990193363089
-1.7571589833031587,-3.588805094456595,-4.060829729342765,-4.216283285512212,-4.050990193363089
-1.7978858360550543,-3.588805094456595,-4.243738981230254,-4.216341201833351,-4.050990193363089
-1.8241530399995647,-1.6339377178256167,-2.0741526408236397,-2.124982432148978,-2.1428318957546524
-1.841871913503687,-3.588805094456595,-2.2106053606699465,-2.1252073246081653,-2.1428318957546524
-1.8498640667505735,-3.588805094456595,-2.126459950831055,-2.125224272368052,-2.1428318957546524
-1.8534788208733952,-3.588805094456595,-2.283571690696026,-2.1253321049385687,-2.1428318957546524
-1.8437579663818913,-3.588805094456595,-2.200771466921787,-2.125201672968218,-2.1428318957546524
-1.8261464721071274,-1.6339377178256167,-2.0250456971602455,-2.125226226697614,-2.1428318957546524
-1.8094961271383998,-1.6339377178256167,-2.045907193744933,-2.1251690786352477,-2.1428318957546524
-1.7930708665747133,-1.6339377178256167,-2.178493614694241,-2.1250578888597524,-2.1428318957546524
-1.7720245221001936,0.03384964880618764,-2.0310306947217938,-2.1248717681210856,-2.1428318957546524
-1.7565584756858772,0.03384964880618764,-1.9745176745397977,-2.1251697431959964,-2.1428318957546524
-1.7453982476063385,-1.6339377178256167,-2.2087656488875678,-2.1251922109736197,-2.1428318957546524
-1.7284754978110304,-3.588805094456595,-2.1458871220654925,-2.125108329048913,-2.1428318957546524
-1.7005922829657154,0.03384964880618764,-0.6202992253152911,-0.5348444655153886,-0.11348641727371256
-1.6789088095406999,2.158152424464694,-0.462549816930655,-0.5348116255252832,-0.11348641727371256
-1.6780716511495946,-1.6339377178256167,-0.671393431515675,-0.5348147792640642,-0.11348641727371256
2.6621505085593697,2.158152424464694,-0.2973238228076158,-0.5350134012282577,-0.11348641727371256
2.642289815012078,0.03384964880618764,-0.6698381469099307,-0.5349043861459573,-0.11348641727371256
2.64951087127216,0.03384964880618764,-0.37008921329159633,-0.534970367932992,-0.11348641727371256
-0.9945185524010547,0.03384964880618764,-0.5864134675773569,-0.5348304937974374,-0.11348641727371256
-0.996636682873753,0.03384964880618764,-0.7048528250207459,-0.5349495890830221,-0.11348641727371256
-0.998701666137521,-1.6339377178256167,-0.6478872248194509,-0.5349692676993555,-0.11348641727371256
-0.9963877983445981,0.03384964880618764,-0.612319876647037,-0.5348311077905799,-0.11348641727371256
-0.997903262183039,-1.6339377178256167,-0.44529335343533727,-0.5347987779429259,-0.11348641727371256
2.5078138840309556,2.158152424464694,-0.3293098202390709,-0.534649492322298,-0.11348641727371256
2.499203715799224,0.03384964880618764,1.7612521457430328,1.783021700254356,1.3678037753437198
2.4917703167852383,2.158152424464694,1.8376570405287593,1.7830641115093113,1.3678037753437196
2.4856830236348735,2.158152424464694,1.6033741081503494,1.7830135056856182,1.3678037753437198
2.489749162539887,0.03384964880618764,1.6250941048782654,1.7830158702951977,1.3678037753437198
2.504863205050722,2.158152424464694,1.8851995908642485,1.7829939961813155,1.36780377534372
2.514275425951948,2.158152424464694,1.7304782612270746,1.7830671785422192,1.3678037753437198
2.52468805830598,0.03384964880618764,1.7746652150483757,1.783071933490466,1.3678037753437198
2.541270342615996,2.158152424464694,2.010219622662447,1.7830529308745053,1.3678037753437198
2.5466968774733556,0.03384964880618764,1.6924481222727232,1.7830456522992464,1.3678037753437198
2.558319370093855,2.158152424464694,1.7613096172857792,1.7829869051783689,1.3678037753437198
2.5700326483934273,2.158152424464694,1.663283913314011,1.7830359635544575,1.3678037753437196
2.5847076626277494,2.158152424464694,2.052500606044126,1.7830792977652135,1.3678037753437198
-6.361773419528317,-7.031705445509078,-7.676091146056244,-7.758478614815898,-7.695358999244296
-6.3623787665959295,-8.971575617485268,-7.877642556841171,-7.758741317686946,-7.695358999244296
-6.349121016603549,-8.971575617485268,-7.981519013382095,-7.758785846079083,-7.695358999244296
-6.319812213599006,-8.971575617485268,-7.8363875030484325,-7.758772002066182,-7.695358999244296
-6.2814104946118245,-7.031705445509078,-7.7666531961491145,-7.758683892270059,-7.695358999244297
-6.243031205910624,-7.031705445509078,-7.648999703149726,-7.758786079512408,-7.695358999244297
-6.210750639123644,-5.565804518368188,-7.427699861827976,-7.758626249590609,-7.695358999244296
-9.584005547415662,-8.971575617485268,-8.063633290656457,-7.758788929111332,-7.695358999244296
-5.946920904396483,-7.031705445509078,-7.659090309118954,-7.758669577764221,-7.695358999244296
-5.916707307282056,-8.971575617485268,-7.8050141792899685,-7.758665055540676,-7.695358999244296
-5.86257623740596,-8.971575617485268,-7.772548683917887,-7.758684338779915,-7.695358999244296
-5.788951949404209,-7.031705445509078,-7.59378732563037,-7.758744397377666,-7.695358999244297
-5.711193685457174,-5.565804518368188,-5.8239692328704615,-5.914342896965446,-5.616693295484944
-5.643824030750155,-5.565804518368188,-5.986417311919458,-5.914328832033806,-5.616693295484944
-5.580455080297594,-7.031705445509078,-5.9334981647248615,-5.914199148948444,-5.616693295484944
-5.524855371984586,-5.565804518368188,-5.914730733029761,-5.914383191548475,-5.616693295484944
-5.476862117432748,-5.565804518368188,-5.956492442617238,-5.9143542342960504,-5.616693295484944
-5.4332033740944095,-5.565804518368188,-6.050076871886827,-5.914730227298194,-5.616693295484944
-5.393058267507842,-5.565804518368188,-5.8969621461720685,-5.914369972648693,-5.616693295484944
-5.358248266933467,-5.565804518368188,-5.9535618209789405,-5.914472971877529,-5.616693295484944
-5.325810178302863,-5.565804518368188,-6.055237259068919,-5.914354492711835,-5.616693295484944
-5.2909003871970635,-3.588805094456595,-5.735324188055516,-5.91425670325109,-5.616693295484944
-5.264562112316515,-3.588805094456595,-5.7679178594075085,-5.91440417355787,-5.616693295484944
-5.239970431268337,-5.565804518368188,-5.896485780145735,-5.914328516918929,-5.616693295484944
-5.20077613299581,-3.588805094456595,-4.1725459612254685,-4.2163266817452,-4.382804920754502
-5.178275409093557,-3.588805094456595,-4.136617208187448,-4.216247561287699,-4.382804920754502
-5.169204703471112,-5.565804518368188,-4.328784482998228,-4.2162673890369415,-4.382804920754502
-1.5026429072814642,-3.588805094456595,-4.117355617291027,-4.216273446702962,-4.382804920754502
-5.115600608083538,-3.588805094456595,-4.292771013080684,-4.216414147597129,-4.382804920754502
-5.11734836544347,-3.588805094456595,-4.222168978747506,-4.216283125271527,-4.382804920754502
-5.125663413199166,-5.565804518368188,-4.322804297076571,-4.216265643182271,-4.382804920754502
-5.133343102672951,-5.565804518368188,-4.52035391689829,-4.216320758980827,-4.382804920754502
-1.6996187923470065,-3.588805094456595,-4.067026665473556,-4.216257877135801,-4.382804920754502
-1.7131364973246404,-3.588805094456595,-4.1116517980010725,-4.216316387560159,-4.382804920754502
-1.719687734111526,-3.588805094456595,-4.060829729342765,-4.21628346046823,-4.382804920754502
-5.523379608669541,-5.565804518368188,-4.243738981230254,-4.216341376788898,-4.382804920754502
-1.8347647067479962,-1.6339377178256167,-2.0741526408236397,-2.1249826017795255,-2.1107901933173245
-1.8435366354387879,-3.588805094456595,-2.2106053606699465,-2.1252074942337322,-2.1107901933173245
-1.8460533060381368,-1.6339377178256167,-2.126459950831055,-2.1252244419934314,-2.1107901933173245
-1.8472312384258325,-1.6339377178256167,-2.283571690696026,-2.125332274563075,-2.1107901933173245
-1.8371230519958648,-1.6339377178256167,-2.200771466921787,-2.1252018425939707,-2.1107901933173245
-1.8200577670837166,0.03384964880618764,-2.0250456971602455,-2.125226396322914,-2.1107901933173245
-1.8080621498960598,-1.6339377178256167,-2.045907193744933,-2.125169248261553,-2.1107901933173245
-1.799062064746279,-3.588805094456595,-2.178493614694241,-2.1250580584884817,-2.1107901933173245
-1.7816007973456334,-3.588805094456595,-2.0310306947217938,-2.1248719377545178,-2.1107901933173245
-1.7628746769481192,-1.6339377178256167,-1.9745176745397977,-2.1251699128221597,-2.1107901933173245
-1.7506918289934916,-3.588805094456595,-2.2087656488875678,-2.125192380599497,-2.1107901933173245
-1.726575312380182,-1.6339377178256167,-2.1458871220654925,-2.125108498676457,-2.1107901933173245
-1.702939125236956,-1.6339377178256167,-0.6202992253152911,-0.5348446788268431,-0.9556465549275783
-1.6862702574740778,-1.6339377178256167,-0.462549816930655,-0.5348118388361985,-0.9556465549275783
-1.6805533646552526,-1.6339377178256167,-0.671393431515675,-0.5348149925754956,-0.9556465549275783
2.6964148621924515,0.03384964880618764,-0.2973238228076158,-0.5350136145360294,-0.9556465549275783
-2.6318645190983307,-3.588805094456595,-0.6698381469099307,-0.5349045994563529,-0.9556465549275783
2.6757960011828485,0.03384964880618764,-0.37008921329159633,-0.5349705812417584,-0.9556465549275783
-1.0021038453769673,-1.6339377178256167,-0.5864134675773569,-0.5348307071086409,-0.9556465549275783
-1.0030875513202482,-3.588805094456595,-0.7048528250207459,-0.5349498023929117,-0.9556465549275783
-0.9929414780146415,0.03384964880618764,-0.6478872248194509,-0.5349694810085178,-0.9556465549275783
-0.996850090910874,-1.6339377178256167,-0.612319876647037,-0.5348313211016789,-0.9556465549275783
2.543148577999445,2.158152424464694,-0.44529335343533727,-0.5347989912538482,-0.9556465549275783
2.5227693908723143,0.03384964880618764,-0.3293098202390709,-0.5346497056319398,-0.9556465549275783
2.5178557895202935,2.158152424464694,1.7612521457430328,1.7830215476171272,2.1991110135710663
2.5007580342929385,2.158152424464694,1.8376570405287593,1.7830639588731925,2.1991110135710663
2.4900860686878628,0.03384964880618764,1.6033741081503494,1.7830133530481744,2.1991110135710668
2.4975406067546886,2.158152424464694,1.6250941048782654,1.783015717657816,2.1991110135710668
2.514312231205169,2.158152424464694,1.8851995908642485,1.7829938435433614,2.1991110135710663
2.524650966605864,2.158152424464694,1.7304782612270746,1.783067025906181,2.1991110135710668
2.5410975842749526,2.158152424464694,1.7746652150483757,1.7830717808545522,2.1991110135710668
2.5546801823883722,4.051231178201828,2.010219622662447,1.7830527782380936,2.1991110135710668
2.560554070704132,2.158152424464694,1.6924481222727232,1.7830454996626444,2.1991110135710668
2.568800107224754,2.158152424464694,1.7613096172857792,1.782986752540229,2.1991110135710668
2.5769407511955036,0.03384964880618764,1.663283913314011,1.7830358109176025,2.199111013571066
2.5952003200953246,4.051231178201828,2.052500606044126,1.7830791451294925,2.1991110135710668
-6.3468283480927745,-7.031705445509078,-6.152782144215882,-6.121996727875493,-6.259072769746203
-6.34094829558803,-7.031705445509078,-6.127145660797561,-6.122283780327438,-6.259072769746203
-6.324553281030509,-7.031705445509078,-6.148476722589832,-6.122332435997228,-6.259072769746203
-6.29573211067782,-7.031705445509078,-6.107839625202244,-6.122317308801111,-6.259072769746203
-6.256793388967257,-5.565804518368188,-6.036091591906237,-6.122221032224785,-6.259072769746203
-6.212766304921669,-5.565804518368188,-6.152333295487046,-6.12233269106717,-6.259072769746203
-6.157793864656437,-7.031705445509078,-6.06228082201407,-6.12215804672179,-6.259072769746203
-6.0667222953429505,-5.565804518368188,-6.075214247736371,-6.1223358047916445,-6.259072769746203
-5.9787769693737225,-5.565804518368188,-6.094860923000055,-6.1222053909263705,-6.259072769746203
-5.921042970609568,-7.031705445509078,-6.1134896625722615,-6.122200449543914,-6.259072769746203
-5.859428059057065,-7.031705445509078,-6.29418088620347,-6.122221520121042,-6.259072769746203
-5.780986268256673,-5.565804518368188,-6.106249892230778,-6.1222871454706125,-6.259072769746203
-5.698206966360885,-3.588805094456595,-4.140835021593664,-4.106924893940844,-3.9435209598675702
-5.624173583241071,-3.588805094456595,-4.074092013688078,-4.106907625871563,-3.9435209598675702
-5.553341690663864,-1.6339377178256167,-3.8309077346853453,-4.106758315534565,-3.9435209598675702
-5.501498254316443,-3.588805094456595,-4.154439807445274,-4.106968770216344,-3.9435209598675702
-5.454526916577779,-3.588805094456595,-4.09252312834804,-4.106936364891605,-3.9435209598675702
-5.407771468427637,-3.588805094456595,-4.173663962523551,-4.107352316213373,-3.9435209598675702
-5.3692115280309185,-3.588805094456595,-4.021182637754789,-4.1069548251799555,-3.9435209598675702
-5.33855065613819,-3.588805094456595,-4.182099682440332,-4.107069350527202,-3.9435209598675702
-5.308468562906007,-3.588805094456595,-4.056772258369661,-4.106937139192563,-3.9435209598675702
-5.28227567177681,-3.588805094456595,-4.110658801163982,-4.106826109227449,-3.9435209598675702
-5.266036648369473,-5.565804518368188,-4.3062944395724765,-4.10699283416718,-3.9435209598675702
-5.24967600218303,-3.588805094456595,-4.1368232836953895,-4.106909165704808,-3.9435209598675702
-1.4516962554441555,-1.6339377178256167,-2.0915191583009243,-2.028736969845045,-1.7013900912148534
-1.4529097946129086,0.03384964880618764,-1.8251853453129274,-2.0286514699621097,-1.7013900912148534
-1.469749383284643,-1.6339377178256167,-2.085929610064662,-2.0286720638885205,-1.7013900912148534
-1.4925728454223666,-1.6339377178256167,-1.9925040037486257,-2.0286789203437876,-1.7013900912148534
-1.5182873438336497,-3.588805094456595,-2.2306466250147965,-2.0288384995773323,-1.7013900912148534
-1.5424167647482758,-1.6339377178256167,-2.027160329312638,-2.028689956288558,-1.7013900912148534
-1.5645610269696186,0.03384964880618764,-1.8338600101701106,-2.028670224620297,-1.7013900912148534
-1.5991490443113878,-1.6339377178256167,-1.9494530480447212,-2.028729357998714,-1.7013900912148534
-1.6466262314475546,-1.6339377178256167,-1.9622650459206454,-2.0286622179477902,-1.7013900912148534
-1.6690822380594252,-1.6339377178256167,-2.1918190438374032,-2.028725261099449,-1.7013900912148534
-1.6743800608000121,0.03384964880618764,-2.0054904204274946,-2.028689542786863,-1.7013900912148534
-1.6690569637711643,-3.588805094456595,-2.1478058282077344,-2.0287533509419893,-1.7013900912148534
0.6411863240484279,0.03384964880618764,0.029652107886558744,-0.00397363083283767,0.4999375370767268
0.646969257900945,0.03384964880618764,0.0431373953575656,-0.004260790076176337,0.4999375370767268
0.6560740315892286,0.03384964880618764,0.009430513623435591,-0.0042800816989317335,0.4999375370767268
0.6736559072353159,0.03384964880618764,-0.07477442475868712,-0.004398839282906359,0.4999375370767268
0.7003540823570216,0.03384964880618764,-0.008662981332460089,-0.004252821192672768,0.4999375370767268
0.7447107996805431,0.03384964880618764,-0.007529858999338778,-0.004283037599274506,0.4999375370767268
0.8265170066483147,0.03384964880618764,-0.26864171805068227,-0.004213318710010153,0.4999375370767268
0.9096534997304886,2.158152424464694,0.23618757194157614,-0.0040718177968489845,0.4999375370767268
0.9317794270495037,0.03384964880618764,0.04554051116088437,-0.003826887774972259,0.4999375370767268
0.9360007971660456,0.03384964880618764,-0.09605822635691993,-0.004215763239586745,0.4999375370767268
0.940586727426636,0.03384964880618764,0.10795659511114586,-0.0042418091560638685,0.4999375370767268
0.9350275818192297,0.03384964880618764,-0.0697089570294709,-0.004137070360134004,0.4999375370767268
2.853339910580442,2.158152424464694,2.300003688260248,2.132331976575981,1.9958157194453934
2.8243133736680703,2.158152424464694,2.0317161953848712,2.1323580730239904,1.9958157194453934
2.7967996622911637,2.158152424464694,2.203424083114667,2.1323613723149557,1.9958157194453934
2.7526184040416792,0.03384964880618764,1.8781664577582815,2.1321169935549062,1.9958157194453934
2.7499280613345856,2.158152424464694,2.1694711960817683,2.132258815277539,1.9958157194453934
2.7277352987597783,0.03384964880618764,1.9376574209599466,2.1321724628856056,1.9958157194453934
2.7433249432536653,2.158152424464694,2.161909061165712,2.13234281129063,1.9958157194453934
2.7479591654959306,4.051231178201828,2.2679639932628017,2.132207285118969,1.9958157194453934
-0.9789031292581092,0.03384964880618764,2.1001138809090345,2.13217851312691,1.9958157194453934
2.616319901320837,2.158152424464694,2.244693954702184,2.1323408885750688,1.9958157194453934
2.577585776739964,2.158152424464694,2.158279369212431,2.1323710105549325,1.9958157194453934
2.5526416902322087,2.158152424464694,2.138854027389685,2.1325042831911674,1.9958157194453934
2.5461479960991773,4.051231178201828,3.590638019746333,3.6915580739298055,3.246896557849205
4.88606233314079,4.051231178201828,3.8353297153371533,3.691586602520616,3.2468965578492046
2.4977072619834484,2.158152424464694,3.692281181737476,3.691552561725586,3.246896557849205
2.510571909767726,4.051231178201828,3.7695749850743945,3.691554152317028,3.2468965578492055
2.5287621831204627,2.158152424464694,3.645520807260427,3.6915394383538356,3.2468965578492055
2.5387554969918606,2.158152424464694,3.6189399822335595,3.6915886656080428,3.246896557849205
2.55390510499129,4.051231178201828,3.6658225576316132,3.6915918640979952,3.246896557849205
2.56153616070993,2.158152424464694,3.723026663699284,3.6915790816925784,3.246896557849205
2.578462484993661,4.051231178201828,3.654506077868179,3.6915741856456346,3.246896557849205
2.587176843468791,2.158152424464694,3.6882206041528627,3.691534668480327,3.246896557849205
2.594218425505569,2.158152424464694,3.5517096756376425,3.691567668360639,3.2468965578492046
2.6118488973832363,6.10465156351862,3.864891120051354,3.691596817792038,3.246896557849205
-6.3321263627227005,-5.565804518368188,-6.152782144215882,-6.12200317397398,-5.989346373733676
-6.323671156646386,-5.565804518368188,-6.127145660797561,-6.122290226361571,-5.989346373733676
-6.307910651862612,-5.565804518368188,-6.148476722589832,-6.122338882020455,-5.989346373733676
-6.280725524053791,-5.565804518368188,-6.107839625202244,-6.122323754827726,-5.989346373733676
-6.2446241971786325,-5.565804518368188,-6.036091591906237,-6.122227478272985,-5.989346373733676
-6.2019628628496335,-7.031705445509078,-6.152333295487046,-6.1223391370903375,-5.989346373733676
-6.137778039544324,-5.565804518368188,-6.06228082201407,-6.122164492784111,-5.989346373733676
-6.063583285079975,-5.565804518368188,-6.075214247736371,-6.122342250814115,-5.989346373733676
-5.99098623874694,-7.031705445509078,-6.094860923000055,-6.122211836978078,-5.989346373733676
-5.921305863634331,-5.565804518368188,-6.1134896625722615,-6.12220689559673,-5.989346373733676
-5.856890897712004,-7.031705445509078,-6.29418088620347,-6.122227966169133,-5.989346373733676
-5.77940376639971,-7.031705445509078,-6.106249892230778,-6.1222935915039915,-5.989346373733676
-5.692909919339708,-3.588805094456595,-4.140835021593664,-4.1069317918053745,-4.267093702433169
-5.613090887172632,-3.588805094456595,-4.074092013688078,-4.106914523746966,-4.267093702433169
-5.545246745950552,-3.588805094456595,-3.8309077346853453,-4.10676521347148,-4.267093702433169
-5.494297863898716,-5.565804518368188,-4.154439807445274,-4.106975668071601,-4.267093702433169
-5.437419871178488,-3.588805094456595,-4.09252312834804,-4.106943262756945,-4.267093702433169
-5.38682202995161,-3.588805094456595,-4.173663962523551,-4.107359213966636,-4.267093702433169
-5.351914997019862,-3.588805094456595,-4.021182637754789,-4.1069617230365,-4.267093702433169
-5.32904513350142,-3.588805094456595,-4.182099682440332,-4.107076248350776,-4.267093702433169
-5.301563257446181,-3.588805094456595,-4.056772258369661,-4.106944037055914,-4.267093702433169
-5.283124490274908,-3.588805094456595,-4.110658801163982,-4.106833007131086,-4.267093702433169
-5.2693758979774055,-5.565804518368188,-4.3062944395724765,-4.106999732012852,-4.267093702433169
-5.256509620003509,-3.588805094456595,-4.1368232836953895,-4.10691606357292,-4.267093702433169
-1.444229228849436,-3.588805094456595,-2.0915191583009243,-2.0287451547672237,-2.355203215330901
-1.444367954087942,0.03384964880618764,-1.8251853453129274,-2.028659654907477,-2.355203215330901
-1.4599421827369221,-3.588805094456595,-2.085929610064662,-2.0286802488307774,-2.355203215330901
-1.478074158367949,-1.6339377178256167,-1.9925040037486257,-2.0286871052832613,-2.355203215330901
-1.5056704455711925,-3.588805094456595,-2.2306466250147965,-2.028846684451123,-2.355203215330901
-1.5374282062731492,-1.6339377178256167,-2.027160329312638,-2.0286981412233236,-2.355203215330901
-1.5614724045286106,-1.6339377178256167,-1.8338600101701106,-2.0286784095629122,-2.355203215330901
-1.5896514351360456,-1.6339377178256167,-1.9494530480447212,-2.02873754292656,-2.355203215330901
-1.619941484792281,-1.6339377178256167,-1.9622650459206454,-2.0286704028914304,-2.355203215330901
-1.6449985993603662,-3.588805094456595,-2.1918190438374032,-2.0287334460265414,-2.355203215330901
-1.6493503838808847,-3.588805094456595,-2.0054904204274946,-2.0286977277240474,-2.355203215330901
-1.6462972001438654,-1.6339377178256167,-2.1478058282077344,-2.0287615358582345,-2.355203215330901
0.6406939580967803,0.03384964880618764,0.029652107886558744,-0.003981665410165171,-0.5112758102032163
0.6438542541338339,0.03384964880618764,0.0431373953575656,-0.004268824435111869,-0.5112758102032163
0.6510585518423642,0.03384964880618764,0.009430513623435591,-0.0042881160493439185,-0.5112758102032163
0.6613973319656725,-1.6339377178256167,-0.07477442475868712,-0.004406873592561584,-0.5112758102032163
0.6847119559349348,0.03384964880618764,-0.008662981332460089,-0.004260855559638762,-0.5112758102032163
0.7065157247231222,0.03384964880618764,-0.007529858999338778,-0.004291071946233148,-0.5112758102032163
-3.8800918331958396,-3.588805094456595,-0.26864171805068227,-0.004221353101478173,-0.5112758102032163
0.9589926924359373,0.03384964880618764,0.23618757194157614,-0.004079852294690166,-0.5112758102032163
0.9575563759057175,0.03384964880618764,0.04554051116088437,-0.0038349224781411184,-0.5112758102032163
0.9530338750017389,0.03384964880618764,-0.09605822635691993,-0.004223797625017396,-0.5112758102032163
0.9501514150319508,0.03384964880618764,0.10795659511114586,-0.004249843528604237,-0.5112758102032163
0.9438985310026005,0.03384964880618764,-0.0697089570294709,-0.004145104806131971,-0.5112758102032163
2.8873327692362345,4.051231178201828,2.300003688260248,2.13232204003664,2.273305097103131
0.3818916907991532,0.03384964880618764,2.0317161953848712,2.1323481365063053,2.273305097103131
2.8153935443594333,2.158152424464694,2.203424083114667,2.1323514357755626,2.273305097103131
2.7900414692586626,0.03384964880618764,1.8781664577582815,2.132107057177133,2.273305097103131
2.780783556138296,2.158152424464694,2.1694711960817683,2.1322488787850506,2.273305097103131
2.762035393252248,2.158152424464694,1.9376574209599466,2.1321625264642883,2.273305097103131
2.7552757921827693,2.158152424464694,2.161909061165712,2.1323328747614085,2.273305097103131
2.7409206167989337,2.158152424464694,2.2679639932628017,2.132197348649448,2.273305097103131
2.71212030855322,4.051231178201828,2.1001138809090345,2.132168576688818,2.273305097103131
2.658305478208206,4.051231178201828,2.244693954702184,2.1323309520502933,2.273305097103131
2.6010287532706027,2.158152424464694,2.158279369212431,2.1323610740364956,2.273305097103131
2.570666862011498,2.158152424464694,2.138854027389685,2.132494346721669,2.273305097103131
2.559640131923898,2.158152424464694,3.590638019746333,3.6915506215768312,4.137806194904719
4.888714570876322,4.051231178201828,3.8353297153371533,3.6915791502131006,4.1378061949047185
4.8954452398103605,6.10465156351862,3.692281181737476,3.691545109363828,4.1378061949047185
4.896938739793055,6.10465156351862,3.7695749850743945,3.691546699957804,4.1378061949047185
2.5463744923561515,4.051231178201828,3.645520807260427,3.6915319859711655,4.1378061949047185
2.5513062829894357,4.051231178201828,3.6189399822335595,3.6915812133038157,4.1378061949047185
2.550849902112122,2.158152424464694,3.6658225576316132,3.691584411798864,4.1378061949047185
7.728045857967791,6.10465156351862,3.723026663699284,3.6915716293730796,4.1378061949047185
2.595675806524313,4.051231178201828,3.654506077868179,3.6915667333183326,4.1378061949047185
2.6039885736922814,4.051231178201828,3.6882206041528627,3.691527216090057,4.1378061949047185
2.6106390246211015,4.051231178201828,3.5517096756376425,3.6915602160229524,4.137806194904718
2.6189070065073117,4.051231178201828,3.864891120051354,3.6915893655008007,4.1378061949047185
-3.7588087192067556,-3.588805094456595,-3.6457061442032255,-3.6256576866685553,-3.3628877470310474
-3.756747214165655,-3.588805094456595,-3.673467971111612,-3.6258647632546666,-3.3628877470310474
-3.7550990141815515,-3.588805094456595,-3.6986133505871392,-3.625899862937412,-3.3628877470310474
-3.7497968201489593,-3.588805094456595,-3.6845212392293094,-3.625888950339008,-3.3628877470310474
-3.7449168928580825,-3.588805094456595,-3.585463960542461,-3.6258194974407223,-3.362887747031047
-3.7462719546947936,-3.588805094456595,-3.625723234076643,-3.6259000469421503,-3.362887747031047
-3.745581257621331,-3.588805094456595,-3.6335227458499584,-3.625774060368688,-3.3628877470310474
-5.198524273827214,-5.565804518368188,-3.8585507873964864,-3.6259022931498777,-3.3628877470310474
-1.8154671720833797,-1.6339377178256167,-3.429755739546878,-3.625808213974391,-3.3628877470310474
-1.833040082221457,-1.6339377178256167,-3.4339614049522806,-3.62580464931363,-3.3628877470310474
-1.8631278896039938,-1.6339377178256167,-3.481152062303633,-3.6258198494038933,-3.3628877470310474
-1.8913039866672923,-3.588805094456595,-3.764556220308229,-3.6258671908331634,-3.362887747031047
-1.8926190028092968,-1.6339377178256167,-2.206679968258795,-2.171996759481383,-1.740196357660105
-1.8871444135866111,-1.6339377178256167,-2.012737107697539,-2.171981079941413,-1.740196357660105
-1.8826097666197146,0.03384964880618764,-2.116894253057106,-2.1718604633119702,-1.740196357660105
-1.880208716621129,-1.6339377178256167,-2.134381226604194,-2.172028151519626,-1.740196357660105
-1.8763441852974412,0.03384964880618764,-2.0829502093028105,-2.1720034784002293,-1.740196357660105
-5.3556144119624935,-3.588805094456595,-2.4728391336414344,-2.172312207227452,-1.740196357660105
-5.34386877470569,-3.588805094456595,-2.2680499897732465,-2.172018938471044,-1.740196357660105
-1.4412651418788271,-1.6339377178256167,-2.2622207011701465,-2.1721049137246076,-1.740196357660105
-1.4296330182427683,-1.6339377178256167,-2.1532657312314836,-2.172004871556242,-1.740196357660105
-1.4125155202569528,0.03384964880618764,-1.9113323111764982,-2.1719176900754076,-1.740196357660105
-1.4096998954414797,-1.6339377178256167,-2.06660495249229,-2.1720474402119327,-1.740196357660105
-1.421309868085172,-1.6339377178256167,-2.377601869118705,-2.1719853873046633,-1.740196357660105
-1.4235343151161681,-3.588805094456595,-0.3931008330465243,-0.29482705194177106,-0.898736395092858
-1.4262325137730338,-1.6339377178256167,-0.3915497716615815,-0.2947390223725964,-0.898736395092858
-1.433074440246901,0.03384964880618764,-0.15157734373275863,-0.29476112385082104,-0.898736395092858
-1.4490515746873196,0.03384964880618764,-0.23307703807619315,-0.29476784830400865,-0.898736395092858
-1.4681809180455188,-1.6339377178256167,-0.45048623585953695,-0.2949240205709601,-0.898736395092858
2.2934448705393065,2.158152424464694,0.027664026534770812,-0.2947785882208766,-0.898736395092858
-1.559120074974955,0.03384964880618764,-0.27786123810282737,-0.29475917907261123,-0.898736395092858
-1.575555767817854,0.03384964880618764,-0.313611206396518,-0.29482052205574455,-0.898736395092858
-1.5972780740788364,-1.6339377178256167,-0.4133044196080027,-0.2947505195270089,-0.898736395092858
-1.6115626776993583,-1.6339377178256167,-0.3014280795774376,-0.2948156274613566,-0.898736395092858
-1.6175135693259246,-1.6339377178256167,-0.3763595626222227,-0.2947789994456504,-0.898736395092858
-1.6159877640578462,0.03384964880618764,-0.26674052115758606,-0.294843376939114,-0.898736395092858
2.401670002995425,2.158152424464694,2.1746067188252995,2.043667435960033,2.0820310797709496
2.3976585235783086,4.051231178201828,2.2532683587963076,2.0433850393526596,2.0820310797709496
2.383150099758152,2.158152424464694,1.9265319933006297,2.043364804265179,2.0820310797709496
2.3783920913193395,2.158152424464694,1.9783013853639817,2.0432378321207434,2.0820310797709496
0.6832135421076404,0.03384964880618764,1.9281284555920424,2.0433924712760105,2.0820310797709496
1.0685023735608197,2.158152424464694,1.965577135132937,2.043362145105237,2.0820310797709496
1.0478695539494571,2.158152424464694,2.11518343524604,2.0434324571233136,2.0820310797709496
1.0107340889532126,2.158152424464694,2.0822938922426357,2.0435718663917943,2.0820310797709496
0.9917447730459942,2.158152424464694,2.0600967441814793,2.0438088191993393,2.0820310797709496
0.9813194992112195,2.158152424464694,2.026657746923523,2.0434309117122216,2.0820310797709496
0.9692472666258292,0.03384964880618764,1.9438583171901245,2.0434038761534428,2.0820310797709496
0.9590633776576367,2.158152424464694,2.0607963020308637,2.0435081516228304,2.0820310797709496
2.910954995744901,4.051231178201828,4.0123979754758095,4.087570612957733,3.876671786443698
2.9028702709190894,6.10465156351862,4.193973085824902,4.087604633528813,3.876671786443698
2.8624437811068604,4.051231178201828,4.135719869532911,4.087604004717149,3.876671786443698
2.8323220274114473,2.158152424464694,4.009183859634991,4.087358912558266,3.876671786443698
2.818092035606117,4.051231178201828,4.098881900622577,4.0874969291208965,3.876671786443698
2.800073288740612,4.051231178201828,4.084870569014928,4.087413160369998,3.876671786443698
2.7827192930482916,4.051231178201828,4.214367124837691,4.087584965169437,3.876671786443698
2.755903280064396,2.158152424464694,3.8762290860611466,4.087443007377876,3.876671786443698
2.7293830958656864,2.158152424464694,3.9153830473445117,4.087416652384981,3.876671786443698
2.6970718052253417,4.051231178201828,4.203823414516399,4.087583677050475,3.876671786443698
5.636746370992946,6.10465156351862,4.212475400770629,4.087619182791857,3.876671786443698
5.63364623958164,4.051231178201828,4.093270383582413,4.087780489343164,3.876671786443698
5.641047437368073,6.10465156351862,6.298164286568875,6.3602990646287925,6.130965181709552
5.646758821872278,6.10465156351862,6.307243329248153,6.360340649331376,6.13096518170955
5.649032581613232,6.10465156351862,6.25451601952588,6.3602910297638955,6.130965181709552
7.893686081260076,6.10465156351862,6.447708467126824,6.360293348289629,6.130965181709553
7.869066233931824,6.10465156351862,6.282260946586249,6.360271900480057,6.130965181709553
7.837039093026347,6.10465156351862,6.5124130843433585,6.3603436565909215,6.130965181709553
7.799081262996694,6.10465156351862,6.5690780218922065,6.360348318870046,6.130965181709553
7.751149319759974,6.10465156351862,6.375039137186359,6.36032968659581,6.130965181709552
7.7218954133617554,6.10465156351862,6.256436769947849,6.360322549872607,6.130965181709553
7.701246410487782,6.10465156351862,6.284117221958459,6.360264947673569,6.130965181709553
7.693801240853195,8.689341259066316,6.3565958465540415,6.360313049951633,6.130965181709551
7.685636338649472,6.10465156351862,6.379991437872068,6.360355539622546,6.130965181709552
-3.75408378989368,-3.588805094456595,-3.6457061442032255,-3.6256215138829186,-3.894364920420672
-3.756334218372836,-3.588805094456595,-3.673467971111612,-3.6258285922556728,-3.894364920420672
-3.755029842167021,-3.588805094456595,-3.6986133505871392,-3.6258636922412553,-3.894364920420672
-3.7511740554339488,-3.588805094456595,-3.6845212392293094,-3.6258527795486986,-3.894364920420672
-3.7481032775479104,-3.588805094456595,-3.585463960542461,-3.6257833260511783,-3.894364920420672
-3.7478333328846656,-3.588805094456595,-3.625723234076643,-3.6258638762475814,-3.894364920420672
-3.752629950947173,-3.588805094456595,-3.6335227458499584,-3.625737888587116,-3.894364920420672
-3.763570618230119,-3.588805094456595,-3.8585507873964864,-3.625866122474688,-3.894364920420672
-1.799863381541485,-3.588805094456595,-3.429755739546878,-3.625772042487494,-3.894364920420672
-1.8207670597948875,-3.588805094456595,-3.4339614049522806,-3.625768477795977,-3.894364920420672
-1.864961711430453,-3.588805094456595,-3.481152062303633,-3.6257836780173855,-3.894364920420672
-1.8929567071136264,-3.588805094456595,-3.764556220308229,-3.625831019855115,-3.894364920420672
-1.8959802279535245,-3.588805094456595,-2.206679968258795,-2.1719480447601933,-2.606074520990083
-0.638721565938267,0.03384964880618764,-2.012737107697539,-2.1719323651344076,-2.606074520990083
-1.8904635275398058,-3.588805094456595,-2.116894253057106,-2.1718117476624035,-2.606074520990083
-1.8892058094208954,-3.588805094456595,-2.134381226604194,-2.1719794370732717,-2.606074520990083
-1.8881523767810637,-3.588805094456595,-2.0829502093028105,-2.171954763760896,-2.606074520990083
-4.522872604855429,-3.588805094456595,-2.4728391336414344,-2.172263495118782,-2.606074520990083
-1.4592567332555564,-1.6339377178256167,-2.2680499897732465,-2.1719702239322025,-2.606074520990083
-1.4526438821746763,-3.588805094456595,-2.2622207011701465,-2.1720561998760095,-2.606074520990083
-1.4321064174215932,-3.588805094456595,-2.1532657312314836,-2.1719561569161177,-2.606074520990083
-1.4043314653257102,0.03384964880618764,-1.9113323111764982,-2.171868974791855,-2.606074520990083
-1.3959171345174084,-1.6339377178256167,-2.06660495249229,-2.1719987259023856,-2.606074520990083
-4.462410840102079,-3.588805094456595,-2.377601869118705,-2.171936672485753,-2.606074520990083
-1.383377543615871,2.158152424464694,-0.3931008330465243,-0.2947679437622842,0.303999711541021
-1.4059114562726334,0.03384964880618764,-0.3915497716615815,-0.2946799142298519,0.303999711541021
-1.417034502900109,0.03384964880618764,-0.15157734373275863,-0.2947020156606034,0.303999711541021
-1.432310218590436,0.03384964880618764,-0.23307703807619315,-0.2947087401252433,0.303999711541021
-1.4460205226286653,0.03384964880618764,-0.45048623585953695,-0.2948649126731314,0.303999711541021
2.3020515766098426,2.158152424464694,0.027664026534770812,-0.29471948006413756,0.303999711541021
-1.5549811039435573,0.03384964880618764,-0.27786123810282737,-0.2947000708853808,0.303999711541021
-1.5637084023407588,0.03384964880618764,-0.313611206396518,-0.2947614138233219,0.303999711541021
-1.5764976461580889,0.03384964880618764,-0.4133044196080027,-0.2946914113611058,0.303999711541021
-1.5857539052799707,2.158152424464694,-0.3014280795774376,-0.29475651925978247,0.303999711541021
-1.595437409199907,0.03384964880618764,-0.3763595626222227,-0.2947198912531006,0.303999711541021
-1.5973733796141627,0.03384964880618764,-0.26674052115758606,-0.2947842687758401,0.303999711541021
2.4014167093481484,2.158152424464694,2.1746067188252995,2.04371475922783,1.9979631812706518
2.3968136801832567,2.158152424464694,2.2532683587963076,2.0434323625941127,1.9979631812706518
2.384497051112266,2.158152424464694,1.9265319933006297,2.0434121275484096,1.9979631812706518
2.372616620703637,0.03384964880618764,1.9783013853639817,2.0432851557440967,1.9979631812706518
2.370572698051995,2.158152424464694,1.9281284555920424,2.0434397945321465,1.9979631812706518
0.03436680761512223,0.03384964880618764,1.965577135132937,2.0434094683796586,1.9979631812706518
1.0465023310446546,2.158152424464694,2.11518343524604,2.043479780343833,1.9979631812706518
1.0341885247761833,2.158152424464694,2.0822938922426357,2.043619189616499,1.9979631812706518
1.013134364251035,2.158152424464694,2.0600967441814793,2.0438561425814514,1.9979631812706518
0.9947240769327081,2.158152424464694,2.026657746923523,2.0434782349029232,1.9979631812706518
0.9869545624289595,2.158152424464694,1.9438583171901245,2.043451199390755,1.9979631812706518
2.9810077824550367,2.158152424464694,2.0607963020308637,2.0435554748258467,1.9979631812706518
2.9375097871977394,4.051231178201828,4.0123979754758095,4.087620096219521,4.297322951403345
2.9114419125002984,4.051231178201828,4.193973085824902,4.087654116671541,4.297322951403345
2.8809565480131405,4.051231178201828,4.135719869532911,4.087653487924031,4.297322951403345
2.8568169597919724,4.051231178201828,4.009183859634991,4.0874083956993355,4.297322951403345
2.8434080206323213,4.051231178201828,4.098881900622577,4.087546412367946,4.297322951403345
2.830469427577552,4.051231178201828,4.084870569014928,4.087462643548231,4.297322951403345
2.804675185203462,6.10465156351862,4.214367124837691,4.087634448378136,4.297322951403345
2.7742891142274893,4.051231178201828,3.8762290860611466,4.087492490647055,4.297322951403345
2.757528996168214,4.051231178201828,3.9153830473445117,4.087466135606231,4.297322951403345
5.645213385690654,6.10465156351862,4.203823414516399,4.08763316024837,4.297322951403345
5.637026951420829,4.051231178201828,4.212475400770629,4.087668665912781,4.297322951403345
5.637920004082454,4.051231178201828,4.093270383582413,4.087829972055829,4.297322951403345
5.6468168626896915,6.10465156351862,6.298164286568875,6.360337577597751,6.588620660154239
5.650512377210345,6.10465156351862,6.307243329248153,6.360379162099592,6.588620660154239
5.649757253123749,6.10465156351862,6.25451601952588,6.360329542771641,6.588620660154239
7.926360673670979,6.10465156351862,6.447708467126824,6.360331861286182,6.58862066015424
7.893806918573541,6.10465156351862,6.282260946586249,6.3603104135801445,6.58862066015424
7.861726071005931,8.689341259066316,6.5124130843433585,6.3603821693446205,6.588620660154239
7.818637154643546,8.689341259066316,6.5690780218922065,6.3603868316012395,6.588620660154239
7.7722194191004315,6.10465156351862,6.375039137186359,6.360368199416946,6.588620660154239
7.7363291616098255,6.10465156351862,6.256436769947849,6.360361062728195,6.588620660154239
7.711263732112608,6.10465156351862,6.284117221958459,6.360303460807221,6.588620660154239
7.695146694116678,6.10465156351862,6.3565958465540415,6.36035156285308,6.5886206601542385
7.691807078351317,6.10465156351862,6.379991437872068,6.360394052318883,6.588620660154239
-1.4947168219542875,-1.6339377178256167,-2.0661771394461654,-2.188575359951812,-2.328333157932727
-1.504707893544394,-3.588805094456595,-2.1496946026452606,-2.188862924481159,-2.328333157932727
-1.5129438191700524,-1.6339377178256167,-2.2480785359092903,-2.188911666948568,-2.328333157932727
-3.7453686190349043,-3.588805094456595,-2.212972045842672,-2.188896512766816,-2.328333157932727
-3.7463928958757418,-3.588805094456595,-2.2779377134719776,-2.1888000644411765,-2.328333157932727
-3.747279521177317,-3.588805094456595,-2.2728674076458524,-2.1889119224735296,-2.328333157932727
-3.7473373484014703,-3.588805094456595,-2.2166865283567163,-2.188736966577346,-2.328333157932727
-1.713280293153024,-1.6339377178256167,-2.176060757231776,-2.1889150417526277,-2.328333157932727
-1.74829645171854,-1.6339377178256167,-2.0769728905856195,-2.1887843952400075,-2.328333157932727
-1.7718939317144498,-3.588805094456595,-2.3511999023725823,-2.188779445042535,-2.328333157932727
1.9668428406801957,0.03384964880618764,-2.0035960197763556,-2.188800553207798,-2.328333157932727
1.9898388083835414,-1.6339377178256167,-2.2160785329891963,-2.188866295627465,-2.328333157932727
2.0468217781979283,0.03384964880618764,-0.17282020659430908,-0.16990247164082348,-0.20750760051671505
2.0830880236795783,0.03384964880618764,-0.13644306952438598,-0.1698830316362357,-0.20750760051671505
2.108572937952958,0.03384964880618764,-0.010993712108802912,-0.1697248800640491,-0.20750760051671505
2.1274589038895866,2.158152424464694,-0.02902396517459645,-0.16994625354388743,-0.20750760051671505
2.136630520431463,0.03384964880618764,-0.0592443498116394,-0.16991292914324016,-0.20750760051671505
-1.032773989640838,-1.6339377178256167,-0.3424779776920896,-0.17033538036012502,-0.20750760051671505
-1.0312442919679803,-1.6339377178256167,-0.2976224665768295,-0.16993284623297172,-0.20750760051671505
-1.0282382647354378,0.03384964880618764,-0.3417321751499049,-0.17004980694243454,-0.20750760051671505
1.7524284481107886,2.158152424464694,-0.03967997039529337,-0.1699142593424695,-0.20750760051671505
-1.386842556929231,-1.6339377178256167,-0.1302240349579384,-0.1697983234397701,-0.20750760051671505
-1.3703155247381706,0.03384964880618764,-0.27653280428739513,-0.16997164223811737,-0.20750760051671505
-1.3519525169450664,0.03384964880618764,-0.19731795039672825,-0.16988669807557197,-0.20750760051671505
-1.3501253515780933,0.03384964880618764,1.9398938836155828,2.163121923579106,2.3211830234231305
2.349832197254702,2.158152424464694,2.2584763555413305,2.163208256600888,2.3211830234231305
2.345892957960901,2.158152424464694,2.3243166841310523,2.1631882648373146,2.3211830234231305
2.3364140687876396,2.158152424464694,2.2047444447684104,2.1631810422724027,2.3211830234231305
2.321939589155357,2.158152424464694,2.1005733175506527,2.1630126429309153,2.3211830234231305
2.3153112893636427,2.158152424464694,2.076640073512974,2.163169342362276,2.3211830234231305
2.3243441030278236,2.158152424464694,2.188229115564303,2.1631900763628793,2.3211830234231305
2.330916440771091,2.158152424464694,2.168378472370861,2.163130777934729,2.3211830234231305
2.3386526188172483,2.158152424464694,2.2213041389773216,2.1631977892567775,2.3211830234231305
2.345038622436724,4.051231178201828,2.210984853545919,2.1631343101245757,2.3211830234231305
2.3465761458649705,2.158152424464694,2.0728736136627095,2.1631705079601695,2.3211830234231305
2.355086807520996,2.158152424464694,2.195334529399028,2.163104899527095,2.3211830234231305
6.295815429079567,6.10465156351862,4.1551833110776375,3.9807216179759064,4.082245466209583
2.396710438202988,2.158152424464694,3.7708368537446213,3.980437867810859,4.082245466209583
2.395336043026668,2.158152424464694,3.8372554185767713,3.9804194713976364,4.082245466209583
4.073025408202044,4.051231178201828,4.077534678391391,3.980307493650277,4.082245466209583
4.072305841034078,6.10465156351862,3.9855331855430975,3.9804459555315646,4.082245466209583
4.067458122133129,4.051231178201828,3.819232731660233,3.980416419972042,4.082245466209583
4.0713698177921485,4.051231178201828,4.1144852211774126,3.980484388722541,4.082245466209583
1.0511201078445938,2.158152424464694,3.8665339087169555,3.9806240752126696,4.082245466209583
6.484206607799306,6.10465156351862,4.295977073832359,3.9808681617941337,4.082245466209583
3.045239126091505,4.051231178201828,3.8448897495224545,3.9804815204996364,4.082245466209583
3.0407935231969896,4.051231178201828,3.9415348140985937,3.9804565333943676,4.082245466209583
3.025935735786536,4.051231178201828,4.055693687862145,3.9805593571014857,4.082245466209583
6.492583222289954,8.689341259066316,6.324322954482583,6.121722311623378,6.346582320013359
6.483948153558522,6.10465156351862,6.23478097795058,6.121750847283973,6.346582320013359
6.472207607247586,6.10465156351862,6.225682880933596,6.12175315789194,6.346582320013359
6.461846841774815,6.10465156351862,5.965999264055951,6.121505272930751,6.346582320013359
2.8572444678077464,4.051231178201828,5.991615917221785,6.121648019361728,6.346582320013359
2.85528989524244,6.10465156351862,6.066744593395835,6.121561174117032,6.346582320013359
7.51296878648629,8.689341259066316,6.219793443104066,6.121734218921213,6.346582320013359
7.509954851665826,6.10465156351862,6.094704644996566,6.121595160230165,6.346582320013359
5.643727350936116,4.051231178201828,5.993449705550096,6.1215666334464105,6.346582320013359
5.647432330785084,6.10465156351862,6.069575562109275,6.121732437059019,6.346582320013359
5.6471906411945465,6.10465156351862,6.066382899950373,6.1217643845455285,6.346582320013359
5.650012168452898,6.10465156351862,6.21363891634887,6.121906842671377,6.346582320013359
8.22396145268134,8.689341259066316,8.119564495739143,7.889844422933237,7.878797923210004
8.187006874471642,8.689341259066316,8.148620125318676,7.889876773991669,7.878797923210002
8.110987191065409,8.689341259066316,7.929664610888502,7.8898381721638975,7.878797923210004
8.00478082814573,6.10465156351862,7.754435600915094,7.88983997587432,7.878797923210005
7.940982921277908,6.10465156351862,7.768352106026294,7.889823290427564,7.878797923210005
7.890258453271283,8.689341259066316,7.983528698774933,7.889879113506526,7.878797923210004
7.835806067473312,6.10465156351862,7.8371690254133375,7.8898827405533725,7.878797923210004
7.792747664736586,8.689341259066316,7.776170734721708,7.889868245468518,7.878797923210004
7.7571754804372555,8.689341259066316,7.905708940757144,7.889862693413674,7.878797923210004
7.725517889301206,6.10465156351862,7.7706739298409335,7.889817881451789,7.878797923210004
7.710470985916149,6.10465156351862,7.851005623753394,7.889855302895539,7.878797923210002
7.704640454044917,8.689341259066316,7.836720859695013,7.889888357979288,7.878797923210004
-1.4859808464603257,-1.6339377178256167,-2.0661771394461654,-2.1886065546746174,-2.051036183979983
-1.4954262393121784,-1.6339377178256167,-2.1496946026452606,-2.188894117508237,-2.051036183979983
-1.513294849918401,-3.588805094456595,-2.2480785359092903,-2.188942859688217,-2.051036183979983
-1.5332783917148418,-1.6339377178256167,-2.212972045842672,-2.188927705595827,-2.051036183979983
-1.5649194125638857,-1.6339377178256167,-2.2779377134719776,-2.18883125783893,-2.051036183979983
-1.5978960366494424,-1.6339377178256167,-2.2728674076458524,-2.1889431152116727,-2.051036183979983
-1.6323179984427376,-1.6339377178256167,-2.2166865283567163,-2.1887681603471796,-2.051036183979983
-1.6789935311374269,-3.588805094456595,-2.176060757231776,-2.1889462344723767,-2.051036183979983
-1.7096174410525988,-1.6339377178256167,-2.0769728905856195,-2.188815588730161,-2.051036183979983
-1.7333818670293841,-3.588805094456595,-2.3511999023725823,-2.1888106385618795,-2.051036183979983
-1.7299041275810831,-1.6339377178256167,-2.0035960197763556,-2.1888317466026694,-2.051036183979983
-1.735933740481083,-3.588805094456595,-2.2160785329891963,-2.1888974886346633,-2.051036183979983
2.094328775800963,0.03384964880618764,-0.17282020659430908,-0.16994557005190933,-0.12627127787833492
2.1092480797424544,0.03384964880618764,-0.13644306952438598,-0.1699261301121951,-0.12627127787833492
2.132680602641442,2.158152424464694,-0.010993712108802912,-0.1697679792733205,-0.12627127787833492
2.148013429637703,0.03384964880618764,-0.02902396517459645,-0.169989351692785,-0.12627127787833492
2.1615211747776666,0.03384964880618764,-0.0592443498116394,-0.1699560274686307,-0.12627127787833492
-1.029443138319796,0.03384964880618764,-0.3424779776920896,-0.17037847632819592,-0.12627127787833492
-1.027529352722332,0.03384964880618764,-0.2976224665768295,-0.1699759444740056,-0.12627127787833492
-1.0289811741201838,-1.6339377178256167,-0.3417321751499049,-0.17009290454561862,-0.12627127787833492
-1.0239691304486922,0.03384964880618764,-0.03967997039529337,-0.16995735767290338,-0.12627127787833492
2.3631966061199967,2.158152424464694,-0.1302240349579384,-0.16984142234444785,-0.12627127787833492
-1.3550225322956908,-1.6339377178256167,-0.27653280428739513,-0.17001474026709154,-0.12627127787833492
-1.3424295905140824,0.03384964880618764,-0.19731795039672825,-0.16992979657927093,-0.12627127787833492
-1.3337680359311792,2.158152424464694,1.9398938836155828,2.1630709045009056,2.0100515399834853
2.3528426579395996,2.158152424464694,2.2584763555413305,2.1631572375464794,2.0100515399834853
2.349021310213853,4.051231178201828,2.3243166841310523,2.163137245748092,2.0100515399834853
2.334936344422604,2.158152424464694,2.2047444447684104,2.1631300231921142,2.0100515399834853
2.324286420025448,2.158152424464694,2.1005733175506527,2.1629616240694056,2.0100515399834853
2.316562280492306,2.158152424464694,2.076640073512974,2.1631183232990745,2.0100515399834853
2.3200253555107544,2.158152424464694,2.188229115564303,2.1631390572758233,2.0100515399834853
2.32611701292157,2.158152424464694,2.168378472370861,2.163079758816323,2.0100515399834853
2.3337378248810214,2.158152424464694,2.2213041389773216,2.1631467701854183,2.0100515399834853
2.339134712879148,2.158152424464694,2.210984853545919,2.163083291029212,2.0100515399834853
2.3471803705073024,2.158152424464694,2.0728736136627095,2.1631194888699827,2.0100515399834853
2.3628874586590416,2.158152424464694,2.195334529399028,2.1630538804618458,2.0100515399834853
2.387149285476588,4.051231178201828,4.1551833110776375,3.9806793814592965,3.878407819982152
2.397546928816612,2.158152424464694,3.7708368537446213,3.9803956311747726,3.878407819982152
2.4026749232535063,4.051231178201828,3.8372554185767713,3.9803772347246387,3.878407819982152
4.073159311148071,6.10465156351862,4.077534678391391,3.980265256695036,3.878407819982152
4.063948473539708,2.158152424464694,3.9855331855430975,3.980403718889539,3.878407819982152
4.0599959263577565,2.158152424464694,3.819232731660233,3.9803741833034785,3.878407819982152
4.068479803504987,4.051231178201828,4.1144852211774126,3.98044215212298,3.878407819982152
4.066437510585654,4.051231178201828,3.8665339087169555,3.980581838677817,3.878407819982152
6.489623310479761,6.10465156351862,4.295977073832359,3.9808259252716836,3.878407819982152
3.045723676282446,2.158152424464694,3.8448897495224545,3.980439283918687,3.878407819982152
3.047715533823296,4.051231178201828,3.9415348140985937,3.9804142967700797,3.878407819982152
3.0459235216527203,4.051231178201828,4.055693687862145,3.9805171205498984,3.878407819982152
6.485166381970059,6.10465156351862,6.324322954482583,6.121679661241323,5.90391583261738
6.480103646623362,6.10465156351862,6.23478097795058,6.121708197007206,5.90391583261738
6.4717209880469095,6.10465156351862,6.225682880933596,6.121710507568394,5.90391583261738
6.45642837715542,4.051231178201828,5.965999264055951,6.121462622517019,5.90391583261738
5.685054438647989,6.10465156351862,5.991615917221785,6.1216053689489085,5.90391583261738
5.6792517229063515,6.10465156351862,6.066744593395835,6.121518523706908,5.90391583261738
5.665506820927071,6.10465156351862,6.219793443104066,6.121691568585644,5.90391583261738
5.652337172863242,4.051231178201828,6.094704644996566,6.121552509771012,5.90391583261738
5.648660456826302,6.10465156351862,5.993449705550096,6.121523983007123,5.90391583261738
5.647187174988309,6.10465156351862,6.069575562109275,6.121689786730545,5.90391583261738
5.648628093028838,6.10465156351862,6.066382899950373,6.12172173429272,5.90391583261738
5.654322701223667,6.10465156351862,6.21363891634887,6.12186419280471,5.90391583261738
8.248977847636096,8.689341259066316,8.119564495739143,7.88981098921367,7.904825777025801
8.206787830150374,8.689341259066316,8.148620125318676,7.889843340440756,7.904825777025798
8.137422829188113,8.689341259066316,7.929664610888502,7.889804738411746,7.904825777025799
8.054853624686388,8.689341259066316,7.754435600915094,7.889806542131572,7.904825777025801
7.987137160072856,8.689341259066316,7.768352106026294,7.88978985659783,7.9048257770258
7.907159110425694,8.689341259066316,7.983528698774933,7.889845679967808,7.9048257770258
7.8486540288402376,8.689341259066316,7.8371690254133375,7.889849307033562,7.9048257770258
7.805702882755138,6.10465156351862,7.776170734721708,7.889834811873143,7.904825777025799
7.7670892029827705,8.689341259066316,7.905708940757144,7.889829259789354,7.9048257770258
7.7409421238921166,8.689341259066316,7.7706739298409335,7.889784447593858,7.9048257770258
7.723747493944732,8.689341259066316,7.851005623753394,7.889821869232692,7.904825777025798
7.713916494489204,8.689341259066316,7.836720859695013,7.8898549244887635,7.904825777025799
-1.467348621920874,0.03384964880618764,-0.18686617424385604,-0.43218601682322355,-0.615936268994135
-1.479668175824721,0.03384964880618764,-0.39059349776010305,-0.4325533246613242,-0.615936268994135
-1.4986366519485756,0.03384964880618764,-0.5538183929921936,-0.4326155836971243,-0.615936268994135
-1.5210014440313129,0.03384964880618764,-0.4671441756089157,-0.4325962271730388,-0.615936268994135
-1.5606327434292944,-1.6339377178256167,-0.2752690432414986,-0.4324730331683417,-0.615936268994135
-1.5963249139404179,-1.6339377178256167,-0.5758791929471292,-0.4326159100806328,-0.615936268994135
-1.6216261341246272,0.03384964880618764,-0.48139067698891796,-0.43239243790158777,-0.615936268994135
-1.6516193390684173,0.03384964880618764,-0.4104677431698187,-0.43261989435388726,-0.615936268994135
-1.6806699728975036,-1.6339377178256167,-0.5752033680271224,-0.4324530188069831,-0.615936268994135
-1.7069326983830064,0.03384964880618764,-0.26264698953251164,-0.4324466958910875,-0.615936268994135
-1.7192543439875598,-1.6339377178256167,-0.4002760266245667,-0.4324736574727831,-0.615936268994135
-1.725764822626154,-1.6339377178256167,-0.6179283473085229,-0.4325576306460168,-0.615936268994135
2.145676814940617,2.158152424464694,2.269054531609822,2.146256259153568,1.9560229504254245
2.1532605890940513,0.03384964880618764,2.045558294762757,2.1462742330014666,1.9560229504254245
2.1744130237225776,2.158152424464694,2.2624053094352226,2.1464487798248664,1.9560229504254245
2.1890940274364863,0.03384964880618764,1.9100553179302662,2.1461997833819044,1.9560229504254245
2.217776151751768,0.03384964880618764,1.9804400892655534,2.1462395906176313,1.9560229504254245
2.27387376503303,2.158152424464694,2.0832125070923553,2.145718430853169,1.9560229504254245
2.3120628514360426,2.158152424464694,2.139291629993929,2.146218710354575,1.9560229504254245
2.34140627531989,2.158152424464694,2.1253348962218213,2.1460764607410967,1.9560229504254245
2.3593616491319533,2.158152424464694,2.121274702327279,2.1462396673901973,1.9560229504254245
2.3726625470270815,2.158152424464694,2.2659423750455274,2.1463726760114854,1.9560229504254245
2.3773453964462243,2.158152424464694,2.0776939654759548,2.1461714592765677,1.9560229504254245
5.058512670579232,4.051231178201828,2.4773006391306924,2.1462763515081464,1.9560229504254245
5.063845668357539,4.051231178201828,4.367678764128331,4.321982988126429,4.13424114072733
5.069433773679487,4.051231178201828,4.436078776689401,4.322071963609453,4.13424114072733
5.06961238686852,6.10465156351862,4.4487898410541895,4.3220505771155,4.13424114072733
5.062502610685058,4.051231178201828,4.263350558643453,4.322043425322461,4.13424114072733
5.055408141182506,2.158152424464694,4.202717581828996,4.321876955694416,4.13424114072733
5.057992806815202,4.051231178201828,4.217428339712298,4.322031909863406,4.13424114072733
5.065972034897523,6.10465156351862,4.425056324910792,4.322052488614758,4.13424114072733
5.067035290931531,4.051231178201828,4.457567447972668,4.321990974276497,4.13424114072733
5.063946359714827,4.051231178201828,4.3233207340014,4.322060800114785,4.13424114072733
5.055834152232595,2.158152424464694,4.2129144492156385,4.321995204140076,4.13424114072733
5.0559665318099265,4.051231178201828,4.270914625560317,4.322032381715384,4.13424114072733
5.0532328895098,4.051231178201828,4.2377868062714,4.321965914291991,4.13424114072733
6.6081111893668645,6.10465156351862,6.481013983943017,6.416350410147698,6.281980749437825
6.6013424949313,6.10465156351862,6.38243879894773,6.416118857595903,6.281980749437825
6.594371301025399,6.10465156351862,6.379785844972404,6.416101622286698,6.281980749437825
6.583869561957273,6.10465156351862,6.2824636235914255,6.415992324143249,6.281980749437825
6.575071054533506,8.689341259066316,6.512022741062548,6.41612474528362,6.281980749437825
6.552557786294931,6.10465156351862,6.340829885784832,6.416099568053261,6.281980749437825
6.531215930084034,6.10465156351862,6.289791857605417,6.416158111722107,6.281980749437825
6.516766728134903,6.10465156351862,6.359555108438638,6.416272551038021,6.281980749437825
6.502012434212487,8.689341259066316,6.457389489175773,6.416464847871136,6.281980749437825
6.488242914073767,6.10465156351862,6.439270470552776,6.4161572818155665,6.281980749437825
6.482212872136117,6.10465156351862,6.589292222864891,6.416134389855754,6.281980749437825
6.479201247353203,6.10465156351862,6.477068915134778,6.41622053979501,6.281980749437825
6.481708898852102,6.10465156351862,7.88780276660553,8.0632322403702,8.490805565452066
8.556623021478885,8.689341259066316,8.003862943346329,8.063259057066672,8.490805565452066
8.559314022451767,8.689341259066316,8.155639997559286,8.06325879938338,8.490805565452066
8.556104105484472,8.689341259066316,8.072724789224585,8.063062058038664,8.490805565452066
11.123000477025174,11.911963085045688,8.284995070851316,8.063173111976354,8.490805565452066
8.520295832383612,6.10465156351862,7.871398831493122,8.063105690862516,8.490805565452066
8.520688388316543,8.689341259066316,7.981176514061954,8.063243542508316,8.490805565452066
8.519089140666035,8.689341259066316,8.099650782651963,8.063129968326672,8.490805565452066
8.500713800397847,8.689341259066316,8.124838339448889,8.06310865561443,8.490805565452066
8.472124992872946,6.10465156351862,7.884549461951781,8.063242468333495,8.490805565452066
8.439072722436412,8.689341259066316,8.078474289786753,8.063270637347797,8.490805565452066
8.387435795991978,11.911963085045688,8.314835324310584,8.063398387361781,8.490805565452066
8.307368649893794,8.689341259066316,9.902200271033,9.843121646191088,9.712604305380212
8.247122478274198,11.911963085045688,9.816960056742944,9.843154213228386,9.71260430538021
8.178968519426684,8.689341259066316,9.672663197694035,9.843115353690985,9.712604305380212
8.096791278692002,8.689341259066316,9.846940583615627,9.84311716944316,9.712604305380212
8.049731393194474,8.689341259066316,9.671689443480595,9.843100372602706,9.712604305380212
10.405107114403288,11.911963085045688,10.080084022238577,9.843156568362078,9.712604305380212
7.844542704025479,8.689341259066316,9.875310351242518,9.843160219623442,9.712604305380212
7.826411766220461,8.689341259066316,9.744404288453874,9.843145627767969,9.712604305380212
10.32902716894698,8.689341259066316,9.95086101257377,9.843140038647055,9.712604305380212
10.319748943972746,8.689341259066316,9.749368270256083,9.843094927516072,9.712604305380212
10.321760391378826,11.911963085045688,9.898326771414617,9.843132598789092,9.712604305380212
10.321129797322605,11.911963085045688,9.908517703726377,9.843165874551854,9.712604305380212
-1.4529509540304522,2.158152424464694,-0.18686617424385604,-0.4321498810558562,-0.25678164789107144
-1.472280892462235,0.03384964880618764,-0.39059349776010305,-0.4325171875942917,-0.25678164789107144
-1.4953834755055924,-1.6339377178256167,-0.5538183929921936,-0.43257944640979734,-0.25678164789107144
-1.5072255295459944,-1.6339377178256167,-0.4671441756089157,-0.43256008995420214,-0.25678164789107144
2.19081572147077,2.158152424464694,-0.2752690432414986,-0.432436896385409,-0.25678164789107144
-1.6066864139334454,-1.6339377178256167,-0.5758791929471292,-0.432579772792151,-0.25678164789107144
-1.621726621762998,-1.6339377178256167,-0.48139067698891796,-0.4323563014038297,-0.25678164789107144
-1.639455051347267,0.03384964880618764,-0.4104677431698187,-0.4325837570513077,-0.25678164789107144
-1.6579296119406577,-1.6339377178256167,-0.5752033680271224,-0.43241688209486834,-0.25678164789107144
2.18285164205195,2.158152424464694,-0.26264698953251164,-0.4324105592013453,-0.25678164789107144
2.181475989869335,0.03384964880618764,-0.4002760266245667,-0.43243752068764135,-0.25678164789107144
-1.7270281143240622,-1.6339377178256167,-0.6179283473085229,-0.4325214935637483,-0.25678164789107144
2.1890661119274495,4.051231178201828,2.269054531609822,2.1462832716447644,2.339297402734139
2.1955300465296825,2.158152424464694,2.045558294762757,2.1463012454847696,2.339297402734139
2.21598574440253,2.158152424464694,2.2624053094352226,2.146475791913649,2.339297402734139
2.232492425274607,0.03384964880618764,1.9100553179302662,2.146226796077423,2.339297402734139
2.2595670939895536,2.158152424464694,1.9804400892655534,2.1462666031947037,2.339297402734139
2.296249527561473,2.158152424464694,2.0832125070923553,2.14574544512449,2.339297402734139
2.3318980267569014,2.158152424464694,2.139291629993929,2.146245722968486,2.339297402734139
2.3541973537506733,2.158152424464694,2.1253348962218213,2.146103473800293,2.339297402734139
2.371638974218059,2.158152424464694,2.121274702327279,2.146266679952573,2.339297402734139
2.3832919651516233,2.158152424464694,2.2659423750455274,2.146399688225711,2.339297402734139
2.388548018291056,2.158152424464694,2.0776939654759548,2.1461984720389577,2.339297402734139
5.060983504476906,4.051231178201828,2.4773006391306924,2.146303363928697,2.339297402734139
5.074342043810908,6.10465156351862,4.367678764128331,4.322008835882945,4.508954406273895
5.0768282686505435,6.10465156351862,4.436078776689401,4.322097811340228,4.508954406273895
5.074356130966636,4.051231178201828,4.4487898410541895,4.322076424850633,4.508954406273895
5.0668058347392435,4.051231178201828,4.263350558643453,4.322069273060344,4.508954406273895
5.066075956589156,4.051231178201828,4.202717581828996,4.321902803497021,4.508954406273895
5.067918329201756,4.051231178201828,4.217428339712298,4.322057757605888,4.508954406273895
5.074084780144903,6.10465156351862,4.425056324910792,4.322078336349441,4.508954406273895
5.0787216536226305,6.10465156351862,4.457567447972668,4.32201682202804,4.508954406273895
5.074679431578069,4.051231178201828,4.3233207340014,4.322086647847911,4.508954406273895
5.071533553818563,4.051231178201828,4.2129144492156385,4.322021051891773,4.508954406273895
5.068045351845949,4.051231178201828,4.270914625560317,4.322058229456026,4.508954406273895
5.065049622973851,4.051231178201828,4.2377868062714,4.321991762054547,4.508954406273895
6.621189082586434,8.689341259066316,6.481013983943017,6.416376169531773,6.547176991945951
6.613116684227065,6.10465156351862,6.38243879894773,6.416144616783621,6.547176991945951
6.602557797227549,6.10465156351862,6.379785844972404,6.4161273814665805,6.547176991945951
6.588278355883976,6.10465156351862,6.2824636235914255,6.4160180832851115,6.547176991945951
6.578109983344355,6.10465156351862,6.512022741062548,6.416150504478502,6.547176991945951
6.557708404895092,6.10465156351862,6.340829885784832,6.4161253272300725,6.547176991945951
6.529596910085283,6.10465156351862,6.289791857605417,6.4161838709391725,6.547176991945951
6.51223062169408,6.10465156351862,6.359555108438638,6.416298310350762,6.547176991945951
6.504032950369255,6.10465156351862,6.457389489175773,6.416490607367963,6.547176991945951
8.52221386918017,8.689341259066316,6.439270470552776,6.4161830410273195,6.547176991945951
8.527598926115003,8.689341259066316,6.589292222864891,6.416160149055725,6.547176991945951
8.53329021500114,8.689341259066316,6.477068915134778,6.4162462990612,6.547176991945951
8.542799546048823,8.689341259066316,7.88780276660553,8.063259702387976,7.6366842942857405
8.550243622535302,6.10465156351862,8.003862943346329,8.063286519171719,7.6366842942857405
8.557839178944429,8.689341259066316,8.155639997559286,8.06328626146326,7.6366842942857405
8.557930167212817,8.689341259066316,8.072724789224585,8.063089519840918,7.6366842942857405
8.54938335282068,8.689341259066316,8.284995070851316,8.063200573908745,7.6366842942857405
8.535368388355963,6.10465156351862,7.871398831493122,8.063133152717631,7.6366842942857405
8.530833474664982,8.689341259066316,7.981176514061954,8.063271004563994,7.6366842942857405
8.52548880301793,6.10465156351862,8.099650782651963,8.063157430184066,7.6366842942857405
8.517135351448562,8.689341259066316,8.124838339448889,8.063136117457502,7.6366842942857405
8.491874116905889,6.10465156351862,7.884549461951781,8.06326993039169,7.6366842942857405
8.458956502580163,8.689341259066316,8.078474289786753,8.063298099479097,7.6366842942857405
8.391854143331772,8.689341259066316,8.314835324310584,8.063425849847471,7.6366842942857405
8.328879959481357,8.689341259066316,9.902200271033,9.843156085104287,9.972969404920033
8.266739833690503,8.689341259066316,9.816960056742944,9.843188652269252,9.97296940492003
8.223995274437273,8.689341259066316,9.672663197694035,9.843149792579519,9.972969404920033
12.284870338144614,11.911963085045688,9.846940583615627,9.843151608338811,9.972969404920033
8.057226737071106,8.689341259066316,9.671689443480595,9.843134811432515,9.972969404920033
10.40230610003319,11.911963085045688,10.080084022238577,9.843191007412173,9.972969404920033
10.38492559360454,11.911963085045688,9.875310351242518,9.843194658687851,9.972969404920033
10.362972295397501,8.689341259066316,9.744404288453874,9.843180066775178,9.972969404920033
10.340449441860903,11.911963085045688,9.95086101257377,9.843174477632354,9.972969404920033
10.324096792366442,8.689341259066316,9.749368270256083,9.843129366324535,9.972969404920033
10.31746690890477,8.689341259066316,9.898326771414617,9.843167037745227,9.972969404920033
10.31641938525052,8.689341259066316,9.908517703726377,9.843200313638432,9.972969404920033
2.234657854468888,4.051231178201828,2.397539824811629,2.2404435887547334,2.212197704825744
2.2216351895626305,2.158152424464694,2.1930489760238467,2.2402227805137627,2.212197704825744
2.2169655015761047,4.051231178201828,2.4197350461312,2.240185353302158,2.212197704825744
2.1963731972308587,0.03384964880618764,2.1168721412957185,2.2401969895363787,2.212197704825744
2.1872220582779764,2.158152424464694,2.13182913974631,2.240271047992678,2.2121977048257437
2.1801089959863504,2.158152424464694,2.0274570841665653,2.2401851570957083,2.2121977048257437
2.1851759610091444,2.158152424464694,2.2853824742281903,2.2403194980861327,2.212197704825744
2.185792038066931,2.158152424464694,2.208903641218224,2.240182761937538,2.212197704825744
2.1903931087402455,2.158152424464694,2.230541696551703,2.2402830796878015,2.212197704825744
2.1896916539850997,2.158152424464694,2.2872837711918232,2.2402868807282195,2.212197704825744
2.194432202069965,2.158152424464694,2.225279526265128,2.2402706726901345,2.212197704825744
2.209490634226418,4.051231178201828,2.358592735338893,2.2402201919577722,2.2121977048257437
2.2117734148689223,4.051231178201828,3.6618762344550055,3.790502739764263,4.0061955668363005
2.224691034310635,4.051231178201828,3.9083683167703893,3.7905205115663176,4.0061955668363005
2.255033891697777,4.051231178201828,3.7551931494785387,3.790653341696011,4.0061955668363005
2.278958595027212,6.10465156351862,3.908707457651056,3.790469350925407,4.0061955668363005
2.3007970188185274,4.051231178201828,3.867382194927186,3.79049608354327,4.0061955668363005
2.3254487411984317,2.158152424464694,3.713437293811461,3.79016405188918,4.0061955668363005
2.3584341748749234,6.10465156351862,3.891399009610831,3.7904788983494972,4.0061955668363005
2.3770127262560763,4.051231178201828,3.8859700188589756,3.790386125180911,4.0061955668363005
2.3895289046160526,4.051231178201828,3.7635945877010393,3.790494325419015,4.0061955668363005
2.397946363326144,2.158152424464694,3.594819003099436,3.7905896023344217,4.0061955668363005
2.4115637398611858,4.051231178201828,3.8562827159264073,3.7904481530568153,4.0061955668363005
2.4178789335769957,2.158152424464694,3.6820995939394083,3.790514874542471,4.0061955668363005
5.094510508790942,6.10465156351862,6.045865592298765,5.915592211573551,5.518433953660447
5.088540639932719,4.051231178201828,5.840339845774607,5.915677910605092,5.518433953660447
5.0865028271901656,6.10465156351862,5.836103937286327,5.9156574127671755,5.518433953660447
5.082064184330206,4.051231178201828,5.899308422966466,5.915650486637346,5.518433953660447
5.083166694165415,6.10465156351862,5.897177980935833,5.915489232097071,5.518433953660447
5.085818559080941,6.10465156351862,5.873780302107155,5.9156393251452055,5.518433953660447
5.085145496477741,4.051231178201828,5.881320981545762,5.915659248125588,5.518433953660447
5.090280799146839,6.10465156351862,5.846936991688316,5.915600050789262,5.518433953660447
5.093742026121744,6.10465156351862,6.0284909745903335,5.9156672067341205,5.518433953660447
5.091816923782507,6.10465156351862,5.944575788024413,5.915604048739634,5.518433953660447
5.091556275309403,6.10465156351862,6.0722680594307095,5.915639873838857,5.518433953660447
5.08438628978983,6.10465156351862,5.823235240764593,5.915575705594952,5.518433953660447
6.632206466992654,8.689341259066316,7.898329724097753,7.904330015944051,7.764678243740861
6.62373084284994,6.10465156351862,7.779093448496022,7.90406217591076,7.764678243740861
6.617888327661241,8.689341259066316,7.968009368536948,7.904043817721423,7.764678243740861
6.602056776880258,6.10465156351862,7.632631457156396,7.903930112041664,7.764678243740861
6.593663045364118,8.689341259066316,7.861573074459005,7.904069491904413,7.764678243740861
6.576157775327563,6.10465156351862,7.89763582240267,7.904041132141622,7.764678243740861
8.543353086693468,8.689341259066316,7.978971373388889,7.9041066652001275,7.764678243740861
8.54097436049041,8.689341259066316,8.106509470009536,7.9042387199720885,7.764678243740861
8.535862253601184,8.689341259066316,8.02270147988229,7.9044660425222375,7.764678243740861
8.528267490519983,8.689341259066316,7.971001589284962,7.904104632797024,7.764678243740861
8.525259346049763,6.10465156351862,7.736121370193035,7.9040799290879615,7.764678243740861
8.538581621347513,8.689341259066316,7.995089186520775,7.904177988815885,7.764678243740861
8.554051377043484,8.689341259066316,9.87324028952954,9.880497607982676,10.085436839439012
8.564492748452743,8.689341259066316,9.881113167491046,9.880532980327745,10.085436839439012
8.570052555433007,8.689341259066316,9.853783844662615,9.880531335712286,10.085436839439012
8.57214783051488,11.911963085045688,9.798384307311473,9.880291275438367,10.085436839439012
8.56375663501626,8.689341259066316,9.779277161804169,9.880425356202785,10.085436839439012
8.558098364810318,8.689341259066316,9.870522171417047,9.88034404809217,10.085436839439012
8.552914851730845,8.689341259066316,9.833182180712956,9.880512576200994,10.085436839439012
8.550118809405864,8.689341259066316,9.867552153717167,9.880371956013654,10.085436839439012
8.545768866553301,11.911963085045688,9.983498070292423,9.880346795475848,10.085436839439012
8.534127858422451,11.911963085045688,10.006759590899291,9.88051148177943,10.085436839439012
8.517457102772033,8.689341259066316,9.868183730245098,9.880547642076396,10.085436839439012
12.287897935922361,11.911963085045688,9.954803998311785,9.880712858994336,10.085436839439012
12.295395890938346,11.911963085045688,12.084345403858848,12.29177548452455,12.425117351238393
12.298902668305072,11.911963085045688,12.207409839656847,12.291819604557109,12.425117351238393
12.303025445062167,11.911963085045688,12.476406521163177,12.291766959791193,12.425117351238393
12.298771235590062,11.911963085045688,12.23554886222266,12.291769419672463,12.425117351238395
12.308758859647787,11.911963085045688,12.237620966797436,12.291746664236017,12.425117351238393
12.318313395319148,11.911963085045688,12.21762975384905,12.291822795162814,12.425117351238393
12.330649592368568,11.911963085045688,12.407353558550142,12.291827741691074,12.425117351238393
12.339489785216673,11.911963085045688,12.27003859692773,12.291807973447112,12.425117351238393
12.349730649214058,11.911963085045688,12.425247216412577,12.29180040161322,12.425117351238393
12.35231395573798,11.911963085045688,12.238978912364525,12.291739287531856,12.425117351238393
12.357574186660981,11.911963085045688,12.435224024173392,12.291790322502479,12.425117351238391
12.355923074274656,11.911963085045688,12.270173530868899,12.291835402677341,12.425117351238393
2.228999470612173,2.158152424464694,2.397539824811629,2.2404391954742207,2.268099870660046
2.2229119764546383,2.158152424464694,2.1930489760238467,2.2402183869924284,2.268099870660046
2.213808394225499,2.158152424464694,2.4197350461312,2.2401809597400044,2.268099870660046
2.1984172857670248,2.158152424464694,2.1168721412957185,2.240192595986916,2.268099870660046
2.1856319357568927,2.158152424464694,2.13182913974631,2.2402666545239858,2.268099870660046
2.1792303915678053,0.03384964880618764,2.0274570841665653,2.24018076353334,2.268099870660046
2.1851064509045783,2.158152424464694,2.2853824742281903,2.240315104670282,2.268099870660046
2.188875453261026,2.158152424464694,2.208903641218224,2.240178368372558,2.268099870660046
2.191385896525272,2.158152424464694,2.230541696551703,2.240278686232232,2.268099870660046
2.1993507594635178,4.051231178201828,2.2872837711918232,2.240282487276795,2.268099870660046
2.202128965117272,2.158152424464694,2.225279526265128,2.240266279221033,2.268099870660046
2.208488876785008,2.158152424464694,2.358592735338893,2.240215798433615,2.268099870660046
2.212668872509986,2.158152424464694,3.6618762344550055,3.7905000369796413,3.578417309675932
5.608760319676216,6.10465156351862,3.9083683167703893,3.7905178087820275,3.578417309675932
2.2766967596874115,2.158152424464694,3.7551931494785387,3.790650638980296,3.578417309675932
2.2955504772986712,4.051231178201828,3.908707457651056,3.790466648102834,3.578417309675932
2.3181932670047316,4.051231178201828,3.867382194927186,3.79049338074219,3.578417309675932
2.3400022812133487,4.051231178201828,3.713437293811461,3.7901613487772035,3.578417309675932
2.3625526390941367,2.158152424464694,3.891399009610831,3.7904761955423427,3.578417309675932
2.3849521036532773,4.051231178201828,3.8859700188589756,3.790383422292425,3.578417309675932
2.3962682102164603,4.051231178201828,3.7635945877010393,3.7904916226209506,3.578417309675932
2.40464872228476,2.158152424464694,3.594819003099436,3.7905868995983822,3.578417309675932
2.418140799567028,4.051231178201828,3.8562827159264073,3.7904454502225278,3.578417309675932
2.4262476248314053,4.051231178201828,3.6820995939394083,3.7905121717709296,3.578417309675932
5.107648333363476,6.10465156351862,6.045865592298765,5.915589592023154,6.314836857532465
5.101620542818776,6.10465156351862,5.840339845774607,5.915675291060081,6.314836857532465
5.095944465475608,6.10465156351862,5.836103937286327,5.915654793220704,6.314836857532465
5.097789403722232,6.10465156351862,5.899308422966466,5.915647867090503,6.314836857532465
5.09469004503239,6.10465156351862,5.897177980935833,5.915486612541656,6.314836857532465
5.092660556906068,4.051231178201828,5.873780302107155,5.915636705597781,6.314836857532465
5.100200185193551,8.689341259066316,5.881320981545762,5.915656628579241,6.314836857532465
5.100586659068695,6.10465156351862,5.846936991688316,5.9155974312391075,6.314836857532465
5.105960297188184,6.10465156351862,6.0284909745903335,5.915664587188354,6.314836857532465
5.105693860142093,6.10465156351862,5.944575788024413,5.91560142918986,6.314836857532465
5.104055647502084,6.10465156351862,6.0722680594307095,5.915637254291306,6.314836857532465
5.0973938376175685,6.10465156351862,5.823235240764593,5.915573086043621,6.314836857532465
6.6347791332653445,8.689341259066316,7.898329724097753,7.90432757003793,8.042049393638164
6.6294004748211846,8.689341259066316,7.779093448496022,7.904059730064291,8.042049393638164
6.621372185264954,8.689341259066316,7.968009368536948,7.904041371876799,8.042049393638164
6.605047926351828,6.10465156351862,7.632631457156396,7.903927666204286,8.042049393638164
6.601605886167523,6.10465156351862,7.861573074459005,7.904067046055595,8.042049393638164
8.551600407975338,8.689341259066316,7.89763582240267,7.904038686298037,8.042049393638164
8.546464132624541,8.689341259066316,7.978971373388889,7.904104219345053,8.042049393638164
8.54753020643697,8.689341259066316,8.106509470009536,7.904236274088056,8.042049393638164
8.53978815475181,8.689341259066316,8.02270147988229,7.904463596580627,8.042049393638164
8.532984800916058,8.689341259066316,7.971001589284962,7.904102186943925,8.042049393638164
8.532150639104412,8.689341259066316,7.736121370193035,7.904077483237842,8.042049393638164
8.545507708916496,8.689341259066316,7.995089186520775,7.904175542946186,8.042049393638164
8.563842880897521,8.689341259066316,9.87324028952954,9.880494620774957,9.680201902470653
8.572716965350663,8.689341259066316,9.881113167491046,9.880529993105963,9.680201902470653
8.574223495818725,8.689341259066316,9.853783844662615,9.880528348492783,9.680201902470653
8.568299680177411,8.689341259066316,9.798384307311473,9.880288288290075,9.680201902470653
8.570538344312043,8.689341259066316,9.779277161804169,9.880422369016639,9.680201902470653
8.570197708228406,8.689341259066316,9.870522171417047,9.880341060928851,9.680201902470653
8.566748965072053,8.689341259066316,9.833182180712956,9.880509588987248,9.680201902470653
8.562078102043577,8.689341259066316,9.867552153717167,9.880368968844369,9.680201902470653
8.558419158457365,8.689341259066316,9.983498070292423,9.880343808312888,9.680201902470653
8.551409749146124,8.689341259066316,10.006759590899291,9.88050849456572,9.680201902470653
8.549313793010619,8.689341259066316,9.868183730245098,9.880544654849547,9.680201902470653
8.563082157997904,8.689341259066316,9.954803998311785,9.880709871705898,9.680201902470653
8.571412854453868,8.689341259066316,12.084345403858848,12.291771459426181,12.163084271003028
12.298312700099412,11.911963085045688,12.207409839656847,12.29181557943975,12.163084271003028
12.308009859563859,11.911963085045688,12.476406521163177,12.291762934696495,12.16308427100303
12.30407171392357,11.911963085045688,12.23554886222266,12.291765394576705,12.163084271003028
12.306749737716043,11.911963085045688,12.237620966797436,12.291742639150055,12.16308427100303
12.316694042336144,11.911963085045688,12.21762975384905,12.291818770044081,12.16308427100303
12.333338254993722,11.911963085045688,12.407353558550142,12.291823716570212,12.16308427100303
12.340351329372742,11.911963085045688,12.27003859692773,12.29180394833476,12.16308427100303
12.34955214893852,11.911963085045688,12.425247216412577,12.291796376504127,12.16308427100303
12.351468343163729,11.911963085045688,12.238978912364525,12.29173526244907,12.16308427100303
12.358273550790107,11.911963085045688,12.435224024173392,12.291786297397724,12.163084271003028
12.356022154418277,11.911963085045688,12.270173530868899,12.291831377553182,12.16308427100303
